,Experiments,LDM,SIM,ASM,TDR,p0,Tt
0,time,3.305277777777778,6.454722222222222,6.454722222222222,6.454722222222222,n/a,n/a
1,E0_I1,1.18413237585745e-06,0.0,0.0,0.0,0.7,0
2,E1_I1,1.340483194399607e-06,0.0,0.0,0.0,0.7,0
3,E2_I1,1.054991775230224e-06,2.4135438631078263e-06,9.893409628903141e-07,8.294845251366991e-07,0.71,1
4,E3_I1,1.0085419548012374e-06,0.0,0.0,0.0,0.74,0
5,E4_I1,9.707715641194226e-07,0.0,0.0,0.0,0.77,0
6,E5_I1,7.594874679173164e-07,0.0,0.0,0.0,0.78,0
7,E6_I1,6.901984965392832e-07,0.0,0.0,0.0,0.81,0
8,E7_I1,1.1051425774547874e-06,1.1049765008889282e-05,4.4725615142675516e-06,4.197483189079828e-06,0.74,4
9,E8_I1,5.317737062510223e-07,0.0,0.0,0.0,0.84,0
10,E9_I1,6.53507899103922e-07,0.0,0.0,0.0,0.83,0
11,E10_I1,1.3443120810964557e-06,0.0,0.0,0.0,0.7,0
12,E11_I1,8.017240204118565e-07,4.9836787696796505e-06,2.044434587050198e-06,1.7649991836878777e-06,0.78,2
13,E12_I1,1.1027139440973967e-06,0.0,0.0,0.0,0.72,0
14,E13_I1,7.925047322720616e-07,0.0,0.0,0.0,0.79,0
15,E14_I1,1.1198577840887481e-06,0.0,0.0,0.0,0.7,0
16,E15_I1,9.961468050756404e-07,0.0,0.0,0.0,0.76,0
17,E16_I1,1.0333450317090709e-06,0.0,0.0,0.0,0.73,0
18,E17_I1,1.0514803172007179e-06,0.0,0.0,0.0,0.75,0
19,E18_I1,8.255896802698154e-07,0.0,0.0,0.0,0.79,0
20,E19_I1,1.2803261154707513e-06,0.0,0.0,0.0,0.69,0
21,E20_I1,9.105110000807379e-07,0.0,0.0,0.0,0.78,0
22,E21_I1,5.935476133531198e-07,0.0,0.0,0.0,0.83,0
23,E22_I1,7.549236924822427e-07,0.0,0.0,0.0,0.8,0
24,E23_I1,8.502619291772522e-07,0.0,0.0,0.0,0.77,0
25,E24_I1,1.1599052125186175e-06,0.0,0.0,0.0,0.76,0
26,E25_I1,9.083733408403316e-07,0.0,0.0,0.0,0.76,0
27,E26_I1,8.545260892544919e-07,0.0,0.0,0.0,0.8,0
28,E27_I1,9.175480387679483e-07,4.928814553814201e-06,2.027801331068357e-06,1.7377855398865228e-06,0.75,2
29,E28_I1,1.2929181297677936e-06,0.0,0.0,0.0,0.68,0
30,E29_I1,8.666115833846293e-07,0.0,0.0,0.0,0.78,0
31,E30_I1,1.1624094604261163e-06,0.0,0.0,0.0,0.73,0
32,E31_I1,1.1377576088276462e-06,0.0,0.0,0.0,0.73,0
33,E32_I1,1.1752993390192234e-06,4.671056835016201e-05,1.8638813548359363e-05,1.942354794411457e-05,0.76,15
34,E33_I1,1.054788627157481e-06,0.0,0.0,0.0,0.75,0
35,E34_I1,1.0203663694204073e-06,0.0,0.0,0.0,0.75,0
36,E35_I1,9.28935113806855e-07,0.0,0.0,0.0,0.73,0
37,E36_I1,6.774427873774239e-07,0.0,0.0,0.0,0.82,0
38,E37_I1,9.694344239798973e-07,1.1510021272994371e-05,4.505177026159249e-06,4.257700517071117e-06,0.77,4
39,E38_I1,1.0745695865037763e-06,0.0,0.0,0.0,0.7,0
40,E39_I1,6.987968507856766e-07,0.0,0.0,0.0,0.8,0
41,E40_I1,1.5439466159218458e-06,1.19431834010869e-05,4.626588235999908e-06,4.486831290376224e-06,0.67,4
42,E41_I1,7.235287271447891e-07,0.0,0.0,0.0,0.81,0
43,E42_I1,1.185084628990604e-06,0.0,0.0,0.0,0.76,0
44,E43_I1,1.2121451258285722e-06,1.2561379341442163e-05,5.1553635791830005e-06,4.485676785456359e-06,0.69,5
45,E44_I1,6.754471767940239e-07,1.3227250509102725e-05,5.305507655465328e-06,4.7395611166405995e-06,0.82,5
46,E45_I1,1.0692099481860037e-06,1.0137980630144446e-05,4.113758231196137e-06,3.5710698702139294e-06,0.72,4
47,E46_I1,8.013217939297745e-07,0.0,0.0,0.0,0.78,0
48,E47_I1,1.2684694873824002e-06,0.0,0.0,0.0,0.71,0
49,E48_I1,9.725564881111019e-07,2.498735569564312e-06,1.0229291767689852e-06,8.836705199119687e-07,0.74,1
50,E49_I1,1.4156336347236102e-06,0.0,0.0,0.0,0.7,0
51,E50_I1,8.401349591032246e-07,0.0,0.0,0.0,0.8,0
52,E51_I1,1.0982476252642489e-06,0.0,0.0,0.0,0.74,0
53,E52_I1,1.1955434080632392e-06,0.0,0.0,0.0,0.71,0
54,E53_I1,9.174543267564259e-07,0.0,0.0,0.0,0.77,0
55,E54_I1,9.429722464769847e-07,8.537167157163058e-06,3.314872847732923e-06,3.0759797764582967e-06,0.77,3
56,E55_I1,1.0573053659748817e-06,0.0,0.0,0.0,0.75,0
57,E56_I1,1.011713776852643e-06,0.0,0.0,0.0,0.75,0
58,E57_I1,1.0251241947257463e-06,3.0805003681792136e-06,1.17037932980149e-06,1.148277010345976e-06,0.77,1
59,E58_I1,9.975941249539305e-07,0.0,0.0,0.0,0.74,0
60,E59_I1,1.2748100228696686e-06,0.0,0.0,0.0,0.71,0
61,E60_I1,8.8714600937567e-07,0.0,0.0,0.0,0.77,0
62,E61_I1,8.596497813399164e-07,0.0,0.0,0.0,0.78,0
63,E62_I1,6.825911066498794e-07,0.0,0.0,0.0,0.84,0
64,E63_I1,9.796079087911514e-07,0.0,0.0,0.0,0.75,0
65,E64_I1,1.0126792414131986e-06,0.0,0.0,0.0,0.76,0
66,E65_I1,9.25413851327682e-07,0.0,0.0,0.0,0.77,0
67,E66_I1,1.0482530693443063e-06,0.0,0.0,0.0,0.74,0
68,E67_I1,9.025114096056382e-07,1.346876763162588e-05,5.359123548041352e-06,4.832397942171661e-06,0.77,5
69,E68_I1,7.400394472587625e-07,0.0,0.0,0.0,0.82,0
70,E69_I1,5.877781185832304e-07,0.0,0.0,0.0,0.84,0
71,E70_I1,7.298071264648486e-07,0.0,0.0,0.0,0.83,0
72,E71_I1,9.359556036458686e-07,2.6538015428118266e-06,1.0625926062652698e-06,9.504802182492678e-07,0.76,1
73,E72_I1,1.1839177018087263e-06,0.0,0.0,0.0,0.69,0
74,E73_I1,1.0718061498099427e-06,0.0,0.0,0.0,0.74,0
75,E74_I1,8.481376185454265e-07,2.650440883982654e-06,1.0632659791924027e-06,9.516413910713198e-07,0.78,1
76,E75_I1,1.154602522266767e-06,2.7929563774093768e-06,1.085096193994987e-06,9.897812509201874e-07,0.72,1
77,E76_I1,1.1283197563528762e-06,2.470282749679252e-06,1.008077309986891e-06,8.594445109320267e-07,0.7,1
78,E77_I1,1.1760919414488848e-06,0.0,0.0,0.0,0.74,0
79,E78_I1,9.752642583719332e-07,5.267535799506736e-06,2.1163186573907725e-06,1.8857161714304572e-06,0.75,2
80,E79_I1,6.628440691696103e-07,0.0,0.0,0.0,0.83,0
81,E80_I1,9.83767332608081e-07,0.0,0.0,0.0,0.74,0
82,E81_I1,7.568851903239262e-07,0.0,0.0,0.0,0.82,0
83,E82_I1,9.59928577474558e-07,0.0,0.0,0.0,0.75,0
84,E83_I1,1.0504872518044585e-06,0.0,0.0,0.0,0.72,0
85,E84_I1,7.637169489761824e-07,0.0,0.0,0.0,0.78,0
86,E85_I1,1.2038243553640854e-06,0.0,0.0,0.0,0.76,0
87,E86_I1,9.884077198931144e-07,0.0,0.0,0.0,0.72,0
88,E87_I1,1.0204945441270136e-06,0.0,0.0,0.0,0.74,0
89,E88_I1,8.109046384695196e-07,0.0,0.0,0.0,0.78,0
90,E89_I1,7.13507348452026e-07,0.0,0.0,0.0,0.8,0
91,E90_I1,8.096882703298079e-07,0.0,0.0,0.0,0.79,0
92,E91_I1,1.0453095578973982e-06,0.0,0.0,0.0,0.73,0
93,E92_I1,4.857925543767841e-07,0.0,0.0,0.0,0.87,0
94,E93_I1,9.961655729653744e-07,0.0,0.0,0.0,0.75,0
95,E94_I1,7.567604042522665e-07,0.0,0.0,0.0,0.81,0
96,E95_I1,1.3177066344981386e-06,0.0,0.0,0.0,0.69,0
97,E96_I1,1.4382846780888546e-06,0.0,0.0,0.0,0.68,0
98,E97_I1,1.076578861400181e-06,0.0,0.0,0.0,0.71,0
99,E98_I1,1.1023342358237215e-06,8.068440987151043e-06,3.247538767110969e-06,2.955652648745067e-06,0.73,3
100,E99_I1,9.69099705601208e-07,0.0,0.0,0.0,0.76,0
101,E0_I2_P0,,2.572092836354016e-06,1.0401373864285609e-06,9.12275580207269e-07,,1
102,E0_I2_P1,,2.883559814964133e-06,1.1142189045269492e-06,1.04218042905005e-06,,1
103,E0_I2_P2,,2.7956103311590015e-06,1.0948946445210861e-06,1.0072156932262731e-06,,1
104,E0_I2_P3,,5.564638726182709e-06,2.163682113455943e-06,1.9680656743515535e-06,,2
105,E0_I2_P4,,0.0,0.0,0.0,,0
106,E0_I2_P5,,2.7933748428842005e-05,1.1186041257059539e-05,1.0502232512076255e-05,,10
107,E0_I2_P6,,5.647956385297151e-06,2.201770728563125e-06,2.035944601947381e-06,,2
108,E0_I2_P7,,0.0,0.0,0.0,,0
109,E0_I2_P8,,0.0,0.0,0.0,,0
110,E0_I2_P9,,0.0,0.0,0.0,,0
111,E0_I2_P10,,0.0,0.0,0.0,,0
112,E0_I2_P11,,5.863480450748096e-06,2.262162897067376e-06,2.146658069301099e-06,,2
113,E0_I2_P12,,0.0,0.0,0.0,,0
114,E0_I2_P13,,0.0,0.0,0.0,,0
115,E0_I2_P14,,0.0,0.0,0.0,,0
116,E0_I2_P15,,2.770605920141343e-06,1.09303410868959e-06,1.003890074036893e-06,,1
117,E0_I2_P16,,0.0,0.0,0.0,,0
118,E0_I2_P17,,0.0,0.0,0.0,,0
119,E0_I2_P18,,0.0,0.0,0.0,,0
120,E0_I2_P19,,0.0,0.0,0.0,,0
121,E0_I2_P20,,0.0,0.0,0.0,,0
122,E0_I2_P21,,0.0,0.0,0.0,,0
123,E0_I2_P22,,0.0,0.0,0.0,,0
124,E0_I2_P23,,0.0,0.0,0.0,,0
125,E0_I2_P24,,0.0,0.0,0.0,,0
126,E0_I2_P25,,7.750023782499303e-06,3.1045801078523056e-06,2.7103245749194696e-06,,3
127,E0_I2_P26,,1.4765462651673513e-05,6.12846861199297e-06,5.287051658019401e-06,,6
128,E0_I2_P27,,2.9292642154036272e-06,1.1212521107876264e-06,1.0550994009145603e-06,,1
129,E0_I2_P28,,0.0,0.0,0.0,,0
130,E0_I2_P29,,0.0,0.0,0.0,,0
131,E0_I2_P30,,0.0,0.0,0.0,,0
132,E0_I2_P31,,0.0,0.0,0.0,,0
133,E0_I2_P32,,0.0,0.0,0.0,,0
134,E0_I2_P33,,2.942300419876634e-06,1.134295524387294e-06,1.0793343097711056e-06,,1
135,E0_I2_P34,,4.7998724079615255e-06,2.00029819680272e-06,1.693371129376941e-06,,2
136,E0_I2_P35,,0.0,0.0,0.0,,0
137,E0_I2_P36,,2.523276711098697e-06,1.0271716256216478e-06,8.906690394089877e-07,,1
138,E0_I2_P37,,0.0,0.0,0.0,,0
139,E0_I2_P38,,0.0,0.0,0.0,,0
140,E0_I2_P39,,0.0,0.0,0.0,,0
141,E0_I2_P40,,0.0,0.0,0.0,,0
142,E0_I2_P41,,0.0,0.0,0.0,,0
143,E0_I2_P42,,5.949993593776454e-06,2.2553364447645526e-06,2.133951325637238e-06,,2
144,E0_I2_P43,,0.0,0.0,0.0,,0
145,E0_I2_P44,,0.0,0.0,0.0,,0
146,E0_I2_P45,,2.799314090043679e-06,1.094158260023038e-06,1.0058985893278183e-06,,1
147,E0_I2_P46,,0.0,0.0,0.0,,0
148,E0_I2_P47,,0.0,0.0,0.0,,0
149,E0_I2_P48,,0.0,0.0,0.0,,0
150,E0_I2_P49,,0.0,0.0,0.0,,0
151,E0_I2_P50,,0.0,0.0,0.0,,0
152,E0_I2_P51,,0.0,0.0,0.0,,0
153,E0_I2_P52,,2.4899111294962174e-06,1.0042847015768323e-06,8.53326051617693e-07,,1
154,E0_I2_P53,,2.6633734065771538e-05,1.0686615573518178e-05,1.0636078879524544e-05,,9
155,E0_I2_P54,,0.0,0.0,0.0,,0
156,E0_I2_P55,,0.0,0.0,0.0,,0
157,E0_I2_P56,,0.0,0.0,0.0,,0
158,E0_I2_P57,,2.8179559670909997e-06,1.1012369288302838e-06,1.0186058545390096e-06,,1
159,E0_I2_P58,,0.0,0.0,0.0,,0
160,E0_I2_P59,,0.0,0.0,0.0,,0
161,E0_I2_P60,,2.8927196764969823e-06,1.1149082926879054e-06,1.0434421486978103e-06,,1
162,E0_I2_P61,,8.696067137758805e-06,3.397442968472768e-06,3.2278238415138494e-06,,3
163,E0_I2_P62,,3.1085120720173813e-06,1.1640493262717874e-06,1.1359786299700131e-06,,1
164,E0_I2_P63,,2.6955106237380985e-06,1.073077653262342e-06,9.686641975416271e-07,,1
165,E0_I2_P64,,0.0,0.0,0.0,,0
166,E0_I2_P65,,0.0,0.0,0.0,,0
167,E0_I2_P66,,0.0,0.0,0.0,,0
168,E0_I2_P67,,0.0,0.0,0.0,,0
169,E0_I2_P68,,0.0,0.0,0.0,,0
170,E0_I2_P69,,0.0,0.0,0.0,,0
171,E0_I2_P70,,0.0,0.0,0.0,,0
172,E0_I2_P71,,0.0,0.0,0.0,,0
173,E0_I2_P72,,1.0989256605486301e-05,4.370215128073684e-06,4.0121306771022185e-06,,4
174,E0_I2_P73,,0.0,0.0,0.0,,0
175,E0_I2_P74,,0.0,0.0,0.0,,0
176,E0_I2_P75,,2.3520445017996678e-06,9.705690202718924e-07,8.001318617308133e-07,,1
177,E0_I2_P76,,0.0,0.0,0.0,,0
178,E0_I2_P77,,0.0,0.0,0.0,,0
179,E0_I2_P78,,0.0,0.0,0.0,,0
180,E0_I2_P79,,0.0,0.0,0.0,,0
181,E0_I2_P80,,0.0,0.0,0.0,,0
182,E0_I2_P81,,0.0,0.0,0.0,,0
183,E0_I2_P82,,0.0,0.0,0.0,,0
184,E0_I2_P83,,0.0,0.0,0.0,,0
185,E0_I2_P84,,0.0,0.0,0.0,,0
186,E0_I2_P85,,2.7928635776239904e-06,1.0869014937513743e-06,9.929786479801325e-07,,1
187,E0_I2_P86,,0.0,0.0,0.0,,0
188,E0_I2_P87,,0.0,0.0,0.0,,0
189,E0_I2_P88,,0.0,0.0,0.0,,0
190,E0_I2_P89,,4.965265593739821e-06,2.032663275508738e-06,1.7457125300262557e-06,,2
191,E0_I2_P90,,2.325709412081762e-06,9.743370969755067e-07,8.059709552246867e-07,,1
192,E0_I2_P91,,0.0,0.0,0.0,,0
193,E0_I2_P92,,0.0,0.0,0.0,,0
194,E0_I2_P93,,2.655650523288301e-06,1.0441914210258512e-06,9.190990623351366e-07,,1
195,E0_I2_P94,,0.0,0.0,0.0,,0
196,E0_I2_P95,,2.7300390345496063e-06,1.0708570946687177e-06,9.647946434601396e-07,,1
197,E0_I2_P96,,0.0,0.0,0.0,,0
198,E0_I2_P97,,0.0,0.0,0.0,,0
199,E0_I2_P98,,0.0,0.0,0.0,,0
200,E0_I2_P99,,0.0,0.0,0.0,,0
201,E1_I2_P0,,0.0,0.0,0.0,,0
202,E1_I2_P1,,1.1903354139963038e-05,4.855215113618555e-06,4.004324670644296e-06,,5
203,E1_I2_P2,,0.0,0.0,0.0,,0
204,E1_I2_P3,,0.0,0.0,0.0,,0
205,E1_I2_P4,,2.741187939914983e-06,1.0758237727291569e-06,9.734633880419758e-07,,1
206,E1_I2_P5,,0.0,0.0,0.0,,0
207,E1_I2_P6,,0.0,0.0,0.0,,0
208,E1_I2_P7,,1.0694412649598143e-05,4.297709478092969e-06,3.884084357457139e-06,,4
209,E1_I2_P8,,0.0,0.0,0.0,,0
210,E1_I2_P9,,5.132936198861982e-06,2.079762695088574e-06,1.8236914387033373e-06,,2
211,E1_I2_P10,,0.0,0.0,0.0,,0
212,E1_I2_P11,,0.0,0.0,0.0,,0
213,E1_I2_P12,,0.0,0.0,0.0,,0
214,E1_I2_P13,,0.0,0.0,0.0,,0
215,E1_I2_P14,,0.0,0.0,0.0,,0
216,E1_I2_P15,,0.0,0.0,0.0,,0
217,E1_I2_P16,,0.0,0.0,0.0,,0
218,E1_I2_P17,,0.0,0.0,0.0,,0
219,E1_I2_P18,,2.9478301025172742e-06,1.1376867452514479e-06,1.085694401996809e-06,,1
220,E1_I2_P19,,0.0,0.0,0.0,,0
221,E1_I2_P20,,0.0,0.0,0.0,,0
222,E1_I2_P21,,0.0,0.0,0.0,,0
223,E1_I2_P22,,0.0,0.0,0.0,,0
224,E1_I2_P23,,0.0,0.0,0.0,,0
225,E1_I2_P24,,0.0,0.0,0.0,,0
226,E1_I2_P25,,5.059079862987865e-06,2.067174462418847e-06,1.8026381609485484e-06,,2
227,E1_I2_P26,,0.0,0.0,0.0,,0
228,E1_I2_P27,,0.0,0.0,0.0,,0
229,E1_I2_P28,,0.0,0.0,0.0,,0
230,E1_I2_P29,,0.0,0.0,0.0,,0
231,E1_I2_P30,,0.0,0.0,0.0,,0
232,E1_I2_P31,,0.0,0.0,0.0,,0
233,E1_I2_P32,,0.0,0.0,0.0,,0
234,E1_I2_P33,,0.0,0.0,0.0,,0
235,E1_I2_P34,,2.426745432801709e-06,1.0085720305852034e-06,8.60244653579478e-07,,1
236,E1_I2_P35,,2.5163640586941516e-06,1.0203099061748593e-06,8.793671019094138e-07,,1
237,E1_I2_P36,,0.0,0.0,0.0,,0
238,E1_I2_P37,,2.702250549698624e-06,1.0733329002512533e-06,9.691096305269533e-07,,1
239,E1_I2_P38,,0.0,0.0,0.0,,0
240,E1_I2_P39,,0.0,0.0,0.0,,0
241,E1_I2_P40,,0.0,0.0,0.0,,0
242,E1_I2_P41,,2.861078346263787e-06,1.10233841384632e-06,1.020592494766912e-06,,1
243,E1_I2_P42,,0.0,0.0,0.0,,0
244,E1_I2_P43,,0.0,0.0,0.0,,0
245,E1_I2_P44,,0.0,0.0,0.0,,0
246,E1_I2_P45,,0.0,0.0,0.0,,0
247,E1_I2_P46,,0.0,0.0,0.0,,0
248,E1_I2_P47,,2.596712110613221e-06,1.0391704550153485e-06,9.106528857565466e-07,,1
249,E1_I2_P48,,5.904317786165871e-06,2.2809162009305656e-06,2.181820363638546e-06,,2
250,E1_I2_P49,,0.0,0.0,0.0,,0
251,E1_I2_P50,,2.3710100105183777e-06,9.809575006728002e-07,8.16294212025075e-07,,1
252,E1_I2_P51,,9.51286944528027e-06,3.955080292703473e-06,3.3143284217748063e-06,,4
253,E1_I2_P52,,0.0,0.0,0.0,,0
254,E1_I2_P53,,0.0,0.0,0.0,,0
255,E1_I2_P54,,0.0,0.0,0.0,,0
256,E1_I2_P55,,0.0,0.0,0.0,,0
257,E1_I2_P56,,0.0,0.0,0.0,,0
258,E1_I2_P57,,0.0,0.0,0.0,,0
259,E1_I2_P58,,6.256463528435213e-05,2.6922505605135725e-05,2.4383719770588214e-05,,25
260,E1_I2_P59,,8.435682053391899e-06,3.2862990870729862e-06,3.024538077422126e-06,,3
261,E1_I2_P60,,5.495420590833087e-06,2.165487363981634e-06,1.9712493285431976e-06,,2
262,E1_I2_P61,,2.531604311162509e-06,1.023234664969596e-06,8.841732979664014e-07,,1
263,E1_I2_P62,,3.612230507467657e-05,1.4632259105142135e-05,1.3819789939192925e-05,,13
264,E1_I2_P63,,2.798726898495821e-06,1.1062809509515768e-06,1.027723879369882e-06,,1
265,E1_I2_P64,,0.0,0.0,0.0,,0
266,E1_I2_P65,,0.0,0.0,0.0,,0
267,E1_I2_P66,,0.0,0.0,0.0,,0
268,E1_I2_P67,,2.730156725015926e-06,1.0779405956877891e-06,9.771732332707942e-07,,1
269,E1_I2_P68,,0.0,0.0,0.0,,0
270,E1_I2_P69,,0.0,0.0,0.0,,0
271,E1_I2_P70,,0.0,0.0,0.0,,0
272,E1_I2_P71,,2.6423295438517e-06,1.0490933501070936e-06,9.273930101461432e-07,,1
273,E1_I2_P72,,2.632207740540376e-06,1.0409565266193083e-06,9.136516922199818e-07,,1
274,E1_I2_P73,,0.0,0.0,0.0,,0
275,E1_I2_P74,,0.0,0.0,0.0,,0
276,E1_I2_P75,,0.0,0.0,0.0,,0
277,E1_I2_P76,,2.7263806112533488e-06,1.0768543601873855e-06,9.752684121533074e-07,,1
278,E1_I2_P77,,0.0,0.0,0.0,,0
279,E1_I2_P78,,0.0,0.0,0.0,,0
280,E1_I2_P79,,0.0,0.0,0.0,,0
281,E1_I2_P80,,2.972811157233923e-06,1.1483160674396957e-06,1.105788582069417e-06,,1
282,E1_I2_P81,,0.0,0.0,0.0,,0
283,E1_I2_P82,,0.0,0.0,0.0,,0
284,E1_I2_P83,,5.514676299386979e-06,2.1422253963888265e-06,1.9304791038909047e-06,,2
285,E1_I2_P84,,1.4615178960802022e-05,6.064652739218798e-06,5.1828845603164675e-06,,6
286,E1_I2_P85,,0.0,0.0,0.0,,0
287,E1_I2_P86,,0.0,0.0,0.0,,0
288,E1_I2_P87,,0.0,0.0,0.0,,0
289,E1_I2_P88,,0.0,0.0,0.0,,0
290,E1_I2_P89,,2.7394892009515056e-06,1.073555059692718e-06,9.694974294987528e-07,,1
291,E1_I2_P90,,1.2361843556621157e-05,5.0564280158410165e-06,4.323209170045435e-06,,5
292,E1_I2_P91,,0.0,0.0,0.0,,0
293,E1_I2_P92,,1.425545800036096e-05,5.945134138019807e-06,4.991291236644397e-06,,6
294,E1_I2_P93,,0.0,0.0,0.0,,0
295,E1_I2_P94,,0.0,0.0,0.0,,0
296,E1_I2_P95,,0.0,0.0,0.0,,0
297,E1_I2_P96,,0.0,0.0,0.0,,0
298,E1_I2_P97,,0.0,0.0,0.0,,0
299,E1_I2_P98,,0.0,0.0,0.0,,0
300,E1_I2_P99,,0.0,0.0,0.0,,0
301,E2_I2_P0,,6.471290235886048e-06,2.741498888181637e-06,2.1460666621956943e-06,,3
302,E2_I2_P1,,0.0,0.0,0.0,,0
303,E2_I2_P2,,8.207903474905003e-06,3.2322416950009918e-06,2.928747955367834e-06,,3
304,E2_I2_P3,,0.0,0.0,0.0,,0
305,E2_I2_P4,,0.0,0.0,0.0,,0
306,E2_I2_P5,,1.0535436932173846e-05,4.211407581109285e-06,3.7351385257828443e-06,,4
307,E2_I2_P6,,0.0,0.0,0.0,,0
308,E2_I2_P7,,0.0,0.0,0.0,,0
309,E2_I2_P8,,0.0,0.0,0.0,,0
310,E2_I2_P9,,2.6333006331960787e-06,1.056580399543164e-06,9.40152920573296e-07,,1
311,E2_I2_P10,,0.0,0.0,0.0,,0
312,E2_I2_P11,,0.0,0.0,0.0,,0
313,E2_I2_P12,,5.638262171112341e-06,2.195409680646535e-06,2.024504603723469e-06,,2
314,E2_I2_P13,,0.0,0.0,0.0,,0
315,E2_I2_P14,,0.0,0.0,0.0,,0
316,E2_I2_P15,,0.0,0.0,0.0,,0
317,E2_I2_P16,,0.0,0.0,0.0,,0
318,E2_I2_P17,,2.762565763611424e-05,1.1453185929941721e-05,1.0054647006480221e-05,,11
319,E2_I2_P18,,0.0,0.0,0.0,,0
320,E2_I2_P19,,0.0,0.0,0.0,,0
321,E2_I2_P20,,3.2085092253324526e-06,1.1988548393111565e-06,1.2046948161680887e-06,,1
322,E2_I2_P21,,1.0246424662882389e-05,4.196518369516236e-06,3.7098180334254605e-06,,4
323,E2_I2_P22,,4.534207581280287e-05,1.8735800071424635e-05,1.7342939281349403e-05,,17
324,E2_I2_P23,,0.0,0.0,0.0,,0
325,E2_I2_P24,,0.0,0.0,0.0,,0
326,E2_I2_P25,,8.058645017594378e-06,3.1841143688467832e-06,2.845130310524635e-06,,3
327,E2_I2_P26,,0.0,0.0,0.0,,0
328,E2_I2_P27,,0.0,0.0,0.0,,0
329,E2_I2_P28,,0.0,0.0,0.0,,0
330,E2_I2_P29,,0.0,0.0,0.0,,0
331,E2_I2_P30,,0.0,0.0,0.0,,0
332,E2_I2_P31,,0.0,0.0,0.0,,0
333,E2_I2_P32,,4.6725885636131005e-05,1.9898484874484227e-05,1.7562346329469618e-05,,19
334,E2_I2_P33,,0.0,0.0,0.0,,0
335,E2_I2_P34,,2.8431865912117014e-06,1.1083727442206854e-06,1.0315206935945144e-06,,1
336,E2_I2_P35,,0.0,0.0,0.0,,0
337,E2_I2_P36,,0.0,0.0,0.0,,0
338,E2_I2_P37,,0.0,0.0,0.0,,0
339,E2_I2_P38,,8.259032787199105e-06,3.2626037444839645e-06,2.982304496271374e-06,,3
340,E2_I2_P39,,0.0,0.0,0.0,,0
341,E2_I2_P40,,0.0,0.0,0.0,,0
342,E2_I2_P41,,0.0,0.0,0.0,,0
343,E2_I2_P42,,0.0,0.0,0.0,,0
344,E2_I2_P43,,0.0,0.0,0.0,,0
345,E2_I2_P44,,0.0,0.0,0.0,,0
346,E2_I2_P45,,2.546539902301028e-05,1.081594531655371e-05,9.019075138939878e-06,,11
347,E2_I2_P46,,0.0,0.0,0.0,,0
348,E2_I2_P47,,0.0,0.0,0.0,,0
349,E2_I2_P48,,1.1993077156841658e-05,5.011597959974162e-06,4.2508331633000065e-06,,5
350,E2_I2_P49,,2.7128865237965598e-06,1.072967561589175e-06,9.68472116598232e-07,,1
351,E2_I2_P50,,0.0,0.0,0.0,,0
352,E2_I2_P51,,0.0,0.0,0.0,,0
353,E2_I2_P52,,5.98635931991448e-06,2.2691899682391515e-06,2.1597898956389525e-06,,2
354,E2_I2_P53,,0.0,0.0,0.0,,0
355,E2_I2_P54,,1.0512295264575594e-05,4.231121714890645e-06,3.768833863914476e-06,,4
356,E2_I2_P55,,0.0,0.0,0.0,,0
357,E2_I2_P56,,2.5269059174476756e-06,1.0185672954626307e-06,8.765113795281126e-07,,1
358,E2_I2_P57,,0.0,0.0,0.0,,0
359,E2_I2_P58,,2.8453140906386634e-06,1.1016636911820088e-06,1.0193752656746788e-06,,1
360,E2_I2_P59,,0.0,0.0,0.0,,0
361,E2_I2_P60,,1.6236795998423766e-05,6.6445114021624534e-06,6.178725823160748e-06,,6
362,E2_I2_P61,,0.0,0.0,0.0,,0
363,E2_I2_P62,,0.0,0.0,0.0,,0
364,E2_I2_P63,,1.2449647034012986e-05,5.0984726070522135e-06,4.391789812453008e-06,,5
365,E2_I2_P64,,1.5595046481980007e-05,6.323094783183373e-06,5.612911192519113e-06,,6
366,E2_I2_P65,,0.0,0.0,0.0,,0
367,E2_I2_P66,,0.0,0.0,0.0,,0
368,E2_I2_P67,,2.554950969130761e-06,1.0252090814520017e-06,8.874271976912695e-07,,1
369,E2_I2_P68,,0.0,0.0,0.0,,0
370,E2_I2_P69,,0.0,0.0,0.0,,0
371,E2_I2_P70,,0.0,0.0,0.0,,0
372,E2_I2_P71,,2.4306038472713863e-05,9.810001497793357e-06,8.986340762041697e-06,,9
373,E2_I2_P72,,0.0,0.0,0.0,,0
374,E2_I2_P73,,3.0851394048750347e-06,1.1638002668235018e-06,1.1354965299226048e-06,,1
375,E2_I2_P74,,0.0,0.0,0.0,,0
376,E2_I2_P75,,0.0,0.0,0.0,,0
377,E2_I2_P76,,0.0,0.0,0.0,,0
378,E2_I2_P77,,1.6915308152090758e-05,7.023096017006223e-06,5.962187381754387e-06,,7
379,E2_I2_P78,,0.0,0.0,0.0,,0
380,E2_I2_P79,,0.0,0.0,0.0,,0
381,E2_I2_P80,,0.0,0.0,0.0,,0
382,E2_I2_P81,,0.0,0.0,0.0,,0
383,E2_I2_P82,,0.0,0.0,0.0,,0
384,E2_I2_P83,,0.0,0.0,0.0,,0
385,E2_I2_P84,,5.6444761243293265e-06,2.1971626959767906e-06,2.02765313343377e-06,,2
386,E2_I2_P85,,0.0,0.0,0.0,,0
387,E2_I2_P86,,0.0,0.0,0.0,,0
388,E2_I2_P87,,0.0,0.0,0.0,,0
389,E2_I2_P88,,2.827660606841968e-06,1.1039847945720228e-06,1.0235665973370891e-06,,1
390,E2_I2_P89,,0.0,0.0,0.0,,0
391,E2_I2_P90,,0.0,0.0,0.0,,0
392,E2_I2_P91,,0.0,0.0,0.0,,0
393,E2_I2_P92,,0.0,0.0,0.0,,0
394,E2_I2_P93,,0.0,0.0,0.0,,0
395,E2_I2_P94,,0.0,0.0,0.0,,0
396,E2_I2_P95,,0.0,0.0,0.0,,0
397,E2_I2_P96,,0.0,0.0,0.0,,0
398,E2_I2_P97,,0.0,0.0,0.0,,0
399,E2_I2_P98,,0.0,0.0,0.0,,0
400,E2_I2_P99,,0.0,0.0,0.0,,0
401,E3_I2_P0,,4.053004730905987e-05,1.666094135773083e-05,1.5537138292183654e-05,,15
402,E3_I2_P1,,0.0,0.0,0.0,,0
403,E3_I2_P2,,0.0,0.0,0.0,,0
404,E3_I2_P3,,2.9288030014908226e-06,1.1133688576684731e-06,1.0406260406260406e-06,,1
405,E3_I2_P4,,0.0,0.0,0.0,,0
406,E3_I2_P5,,0.0,0.0,0.0,,0
407,E3_I2_P6,,0.0,0.0,0.0,,0
408,E3_I2_P7,,2.993967631137321e-06,1.1370776034913916e-06,1.0845501760360504e-06,,1
409,E3_I2_P8,,2.435876358921415e-06,9.92949892563643e-07,8.352034931550899e-07,,1
410,E3_I2_P9,,0.0,0.0,0.0,,0
411,E3_I2_P10,,0.0,0.0,0.0,,0
412,E3_I2_P11,,0.0,0.0,0.0,,0
413,E3_I2_P12,,0.0,0.0,0.0,,0
414,E3_I2_P13,,0.0,0.0,0.0,,0
415,E3_I2_P14,,2.547937454752491e-06,1.0280878135518266e-06,8.92185016867873e-07,,1
416,E3_I2_P15,,0.0,0.0,0.0,,0
417,E3_I2_P16,,0.0,0.0,0.0,,0
418,E3_I2_P17,,0.0,0.0,0.0,,0
419,E3_I2_P18,,0.0,0.0,0.0,,0
420,E3_I2_P19,,0.0,0.0,0.0,,0
421,E3_I2_P20,,0.0,0.0,0.0,,0
422,E3_I2_P21,,0.0,0.0,0.0,,0
423,E3_I2_P22,,0.0,0.0,0.0,,0
424,E3_I2_P23,,0.0,0.0,0.0,,0
425,E3_I2_P24,,0.0,0.0,0.0,,0
426,E3_I2_P25,,2.675220551931371e-06,1.067174749800596e-06,9.583997025127323e-07,,1
427,E3_I2_P26,,0.0,0.0,0.0,,0
428,E3_I2_P27,,0.0,0.0,0.0,,0
429,E3_I2_P28,,5.436990048056181e-06,2.1417141893374354e-06,1.9295892869202793e-06,,2
430,E3_I2_P29,,3.130640096193645e-06,1.1699641429051154e-06,1.1474676679469538e-06,,1
431,E3_I2_P30,,0.0,0.0,0.0,,0
432,E3_I2_P31,,0.0,0.0,0.0,,0
433,E3_I2_P32,,0.0,0.0,0.0,,0
434,E3_I2_P33,,0.0,0.0,0.0,,0
435,E3_I2_P34,,0.0,0.0,0.0,,0
436,E3_I2_P35,,0.0,0.0,0.0,,0
437,E3_I2_P36,,2.30750552807339e-05,9.553703624754198e-06,8.537732985246798e-06,,9
438,E3_I2_P37,,0.0,0.0,0.0,,0
439,E3_I2_P38,,0.0,0.0,0.0,,0
440,E3_I2_P39,,0.0,0.0,0.0,,0
441,E3_I2_P40,,0.0,0.0,0.0,,0
442,E3_I2_P41,,0.0,0.0,0.0,,0
443,E3_I2_P42,,0.0,0.0,0.0,,0
444,E3_I2_P43,,0.0,0.0,0.0,,0
445,E3_I2_P44,,0.0,0.0,0.0,,0
446,E3_I2_P45,,3.2816883660822574e-05,1.3550449213687663e-05,1.190777428813837e-05,,13
447,E3_I2_P46,,0.0,0.0,0.0,,0
448,E3_I2_P47,,0.0,0.0,0.0,,0
449,E3_I2_P48,,0.0,0.0,0.0,,0
450,E3_I2_P49,,0.0,0.0,0.0,,0
451,E3_I2_P50,,0.0,0.0,0.0,,0
452,E3_I2_P51,,9.4010850969816e-06,3.943814415794394e-06,3.2965561290189654e-06,,4
453,E3_I2_P52,,0.0,0.0,0.0,,0
454,E3_I2_P53,,0.0,0.0,0.0,,0
455,E3_I2_P54,,0.0,0.0,0.0,,0
456,E3_I2_P55,,2.6328113471966626e-06,1.0547769916727092e-06,9.370692409832856e-07,,1
457,E3_I2_P56,,0.0,0.0,0.0,,0
458,E3_I2_P57,,2.9912577219945928e-05,1.2137229577752793e-05,1.1247297133907508e-05,,11
459,E3_I2_P58,,0.0,0.0,0.0,,0
460,E3_I2_P59,,0.0,0.0,0.0,,0
461,E3_I2_P60,,0.0,0.0,0.0,,0
462,E3_I2_P61,,2.944345362529702e-06,1.1234826233336885e-06,1.0592182439750342e-06,,1
463,E3_I2_P62,,5.680760366714623e-06,2.228897151273536e-06,2.0852013261880433e-06,,2
464,E3_I2_P63,,0.0,0.0,0.0,,0
465,E3_I2_P64,,0.0,0.0,0.0,,0
466,E3_I2_P65,,0.0,0.0,0.0,,0
467,E3_I2_P66,,7.835184511197598e-06,3.0986482741552843e-06,2.7004371332609466e-06,,3
468,E3_I2_P67,,0.0,0.0,0.0,,0
469,E3_I2_P68,,0.00012026779593016567,5.565439064434672e-05,5.200562284794232e-05,,50
470,E3_I2_P69,,0.0,0.0,0.0,,0
471,E3_I2_P70,,0.0,0.0,0.0,,0
472,E3_I2_P71,,0.0,0.0,0.0,,0
473,E3_I2_P72,,0.0,0.0,0.0,,0
474,E3_I2_P73,,0.0,0.0,0.0,,0
475,E3_I2_P74,,2.84073513840457e-06,1.1022221340553388e-06,1.0203826536989636e-06,,1
476,E3_I2_P75,,0.0,0.0,0.0,,0
477,E3_I2_P76,,0.0,0.0,0.0,,0
478,E3_I2_P77,,0.0,0.0,0.0,,0
479,E3_I2_P78,,0.0,0.0,0.0,,0
480,E3_I2_P79,,0.0,0.0,0.0,,0
481,E3_I2_P80,,0.0,0.0,0.0,,0
482,E3_I2_P81,,5.070308589637952e-06,2.041640795638027e-06,1.7604095768921598e-06,,2
483,E3_I2_P82,,0.0,0.0,0.0,,0
484,E3_I2_P83,,0.0,0.0,0.0,,0
485,E3_I2_P84,,4.337085872612933e-05,1.8518953549736114e-05,1.6081479496113642e-05,,18
486,E3_I2_P85,,5.697491035717963e-06,2.2441262067347535e-06,2.113191518811499e-06,,2
487,E3_I2_P86,,0.0,0.0,0.0,,0
488,E3_I2_P87,,0.0,0.0,0.0,,0
489,E3_I2_P88,,2.7759207143256473e-06,1.0784502611330333e-06,9.780678074849573e-07,,1
490,E3_I2_P89,,0.0,0.0,0.0,,0
491,E3_I2_P90,,8.127693584372461e-06,3.21443437105181e-06,2.8976275433020253e-06,,3
492,E3_I2_P91,,0.0,0.0,0.0,,0
493,E3_I2_P92,,0.0,0.0,0.0,,0
494,E3_I2_P93,,2.6694060943267943e-06,1.056943057696797e-06,9.407738193935349e-07,,1
495,E3_I2_P94,,0.0,0.0,0.0,,0
496,E3_I2_P95,,0.0,0.0,0.0,,0
497,E3_I2_P96,,0.0,0.0,0.0,,0
498,E3_I2_P97,,5.603137890504392e-06,2.2102626038937983e-06,2.0512820512820513e-06,,2
499,E3_I2_P98,,1.1400843780735484e-05,4.394370007568593e-06,4.055386440308513e-06,,4
500,E3_I2_P99,,0.0,0.0,0.0,,0
501,E4_I2_P0,,0.0,0.0,0.0,,0
502,E4_I2_P1,,0.0,0.0,0.0,,0
503,E4_I2_P2,,0.0,0.0,0.0,,0
504,E4_I2_P3,,0.0,0.0,0.0,,0
505,E4_I2_P4,,0.0,0.0,0.0,,0
506,E4_I2_P5,,3.8546088521112945e-05,1.6190608034551432e-05,1.4695354284173373e-05,,15
507,E4_I2_P6,,0.0,0.0,0.0,,0
508,E4_I2_P7,,0.0,0.0,0.0,,0
509,E4_I2_P8,,0.0,0.0,0.0,,0
510,E4_I2_P9,,0.0,0.0,0.0,,0
511,E4_I2_P10,,0.0,0.0,0.0,,0
512,E4_I2_P11,,0.0,0.0,0.0,,0
513,E4_I2_P12,,1.242230519468781e-05,5.042941917363057e-06,4.301355550695024e-06,,5
514,E4_I2_P13,,0.0,0.0,0.0,,0
515,E4_I2_P14,,0.0,0.0,0.0,,0
516,E4_I2_P15,,0.0,0.0,0.0,,0
517,E4_I2_P16,,0.0,0.0,0.0,,0
518,E4_I2_P17,,0.0,0.0,0.0,,0
519,E4_I2_P18,,0.0,0.0,0.0,,0
520,E4_I2_P19,,0.0,0.0,0.0,,0
521,E4_I2_P20,,0.0,0.0,0.0,,0
522,E4_I2_P21,,0.0,0.0,0.0,,0
523,E4_I2_P22,,0.0,0.0,0.0,,0
524,E4_I2_P23,,0.0,0.0,0.0,,0
525,E4_I2_P24,,0.0,0.0,0.0,,0
526,E4_I2_P25,,0.0,0.0,0.0,,0
527,E4_I2_P26,,0.0,0.0,0.0,,0
528,E4_I2_P27,,4.863727715242213e-06,1.9863053199186617e-06,1.6710510869560677e-06,,2
529,E4_I2_P28,,6.652704437509635e-06,2.450746759607808e-06,2.5177445918059376e-06,,2
530,E4_I2_P29,,0.0,0.0,0.0,,0
531,E4_I2_P30,,2.5618474969809113e-06,1.0322111142379709e-06,8.99027926054953e-07,,1
532,E4_I2_P31,,0.0,0.0,0.0,,0
533,E4_I2_P32,,2.7717283715738417e-06,1.0898581518276228e-06,9.982296397339319e-07,,1
534,E4_I2_P33,,0.0,0.0,0.0,,0
535,E4_I2_P34,,0.0,0.0,0.0,,0
536,E4_I2_P35,,0.0,0.0,0.0,,0
537,E4_I2_P36,,0.0,0.0,0.0,,0
538,E4_I2_P37,,0.0,0.0,0.0,,0
539,E4_I2_P38,,2.7154214206919633e-06,1.0648934959098635e-06,9.544516579779751e-07,,1
540,E4_I2_P39,,9.870020240728009e-06,4.027133309442396e-06,3.4294155547143965e-06,,4
541,E4_I2_P40,,0.0,0.0,0.0,,0
542,E4_I2_P41,,0.0,0.0,0.0,,0
543,E4_I2_P42,,0.0,0.0,0.0,,0
544,E4_I2_P43,,0.0,0.0,0.0,,0
545,E4_I2_P44,,0.0,0.0,0.0,,0
546,E4_I2_P45,,0.0,0.0,0.0,,0
547,E4_I2_P46,,0.0,0.0,0.0,,0
548,E4_I2_P47,,0.0,0.0,0.0,,0
549,E4_I2_P48,,0.0,0.0,0.0,,0
550,E4_I2_P49,,0.0,0.0,0.0,,0
551,E4_I2_P50,,0.0,0.0,0.0,,0
552,E4_I2_P51,,0.0,0.0,0.0,,0
553,E4_I2_P52,,0.0001487187870941254,7.173629019688319e-05,6.748239526653175e-05,,64
554,E4_I2_P53,,0.0,0.0,0.0,,0
555,E4_I2_P54,,4.400489705717189e-05,1.8620902785347992e-05,1.6250972801288524e-05,,18
556,E4_I2_P55,,3.233561056293098e-05,1.3590930326405989e-05,1.1976047904191617e-05,,13
557,E4_I2_P56,,0.0,0.0,0.0,,0
558,E4_I2_P57,,0.0,0.0,0.0,,0
559,E4_I2_P58,,0.0,0.0,0.0,,0
560,E4_I2_P59,,0.0,0.0,0.0,,0
561,E4_I2_P60,,0.0,0.0,0.0,,0
562,E4_I2_P61,,0.0,0.0,0.0,,0
563,E4_I2_P62,,3.2902958163678733e-06,1.220473434513671e-06,1.2487411128655923e-06,,1
564,E4_I2_P63,,0.0,0.0,0.0,,0
565,E4_I2_P64,,0.0,0.0,0.0,,0
566,E4_I2_P65,,2.5685129122750438e-06,1.0258362809313122e-06,8.884624269239655e-07,,1
567,E4_I2_P66,,0.0,0.0,0.0,,0
568,E4_I2_P67,,0.0,0.0,0.0,,0
569,E4_I2_P68,,0.0,0.0,0.0,,0
570,E4_I2_P69,,0.0,0.0,0.0,,0
571,E4_I2_P70,,0.0,0.0,0.0,,0
572,E4_I2_P71,,5.5222910018732566e-06,2.1801642400933695e-06,1.9972562692001865e-06,,2
573,E4_I2_P72,,6.06679399316967e-06,2.2989420570663194e-06,2.2159731778606554e-06,,2
574,E4_I2_P73,,0.0,0.0,0.0,,0
575,E4_I2_P74,,0.0,0.0,0.0,,0
576,E4_I2_P75,,0.0,0.0,0.0,,0
577,E4_I2_P76,,0.0,0.0,0.0,,0
578,E4_I2_P77,,5.956638983061415e-06,2.295437744021573e-06,2.2093063716948085e-06,,2
579,E4_I2_P78,,0.0,0.0,0.0,,0
580,E4_I2_P79,,0.0,0.0,0.0,,0
581,E4_I2_P80,,0.0,0.0,0.0,,0
582,E4_I2_P81,,0.0,0.0,0.0,,0
583,E4_I2_P82,,0.0,0.0,0.0,,0
584,E4_I2_P83,,0.0,0.0,0.0,,0
585,E4_I2_P84,,3.9568566670970196e-05,1.6329168643159895e-05,1.4940194401809557e-05,,15
586,E4_I2_P85,,0.0,0.0,0.0,,0
587,E4_I2_P86,,0.0,0.0,0.0,,0
588,E4_I2_P87,,0.0,0.0,0.0,,0
589,E4_I2_P88,,2.768250766403113e-06,1.0871003598293298e-06,9.93331270515395e-07,,1
590,E4_I2_P89,,2.0732762581227068e-05,8.02081279086352e-06,7.707474901846685e-06,,7
591,E4_I2_P90,,2.3108861012917076e-06,9.578991302995725e-07,7.806913177757168e-07,,1
592,E4_I2_P91,,0.0,0.0,0.0,,0
593,E4_I2_P92,,0.0,0.0,0.0,,0
594,E4_I2_P93,,2.4406664471632823e-06,1.0022406101853031e-06,8.500398031137809e-07,,1
595,E4_I2_P94,,0.0,0.0,0.0,,0
596,E4_I2_P95,,0.0,0.0,0.0,,0
597,E4_I2_P96,,5.7839235708908165e-06,2.2174917599106703e-06,2.064397859012981e-06,,2
598,E4_I2_P97,,0.0,0.0,0.0,,0
599,E4_I2_P98,,0.0,0.0,0.0,,0
600,E4_I2_P99,,1.0983021592474322e-05,4.368413172545176e-06,4.008915828803258e-06,,4
601,E5_I2_P0,,5.0659186039858615e-06,2.0660945736925834e-06,1.8008393261889537e-06,,2
602,E5_I2_P1,,0.0,0.0,0.0,,0
603,E5_I2_P2,,1.1592684897592232e-05,4.5213652122181525e-06,4.287796929937399e-06,,4
604,E5_I2_P3,,0.0,0.0,0.0,,0
605,E5_I2_P4,,0.0,0.0,0.0,,0
606,E5_I2_P5,,0.0,0.0,0.0,,0
607,E5_I2_P6,,0.0,0.0,0.0,,0
608,E5_I2_P7,,0.0,0.0,0.0,,0
609,E5_I2_P8,,2.58115406521844e-06,1.0428268476435433e-06,9.167986856774043e-07,,1
610,E5_I2_P9,,8.4998166379083e-06,3.3574510828289723e-06,3.1536837391335885e-06,,3
611,E5_I2_P10,,2.257944305679288e-05,9.336560028343662e-06,8.169111500202867e-06,,9
612,E5_I2_P11,,0.0,0.0,0.0,,0
613,E5_I2_P12,,0.0,0.0,0.0,,0
614,E5_I2_P13,,0.0,0.0,0.0,,0
615,E5_I2_P14,,0.0,0.0,0.0,,0
616,E5_I2_P15,,0.0,0.0,0.0,,0
617,E5_I2_P16,,0.0,0.0,0.0,,0
618,E5_I2_P17,,2.8913653008216832e-06,1.120094273502521e-06,1.0529654798429502e-06,,1
619,E5_I2_P18,,0.0,0.0,0.0,,0
620,E5_I2_P19,,0.0,0.0,0.0,,0
621,E5_I2_P20,,0.0,0.0,0.0,,0
622,E5_I2_P21,,0.0,0.0,0.0,,0
623,E5_I2_P22,,0.0,0.0,0.0,,0
624,E5_I2_P23,,0.0,0.0,0.0,,0
625,E5_I2_P24,,0.0,0.0,0.0,,0
626,E5_I2_P25,,0.0,0.0,0.0,,0
627,E5_I2_P26,,0.0,0.0,0.0,,0
628,E5_I2_P27,,0.0,0.0,0.0,,0
629,E5_I2_P28,,0.0,0.0,0.0,,0
630,E5_I2_P29,,0.0,0.0,0.0,,0
631,E5_I2_P30,,0.0,0.0,0.0,,0
632,E5_I2_P31,,0.0,0.0,0.0,,0
633,E5_I2_P32,,0.0,0.0,0.0,,0
634,E5_I2_P33,,0.0,0.0,0.0,,0
635,E5_I2_P34,,0.0,0.0,0.0,,0
636,E5_I2_P35,,0.0,0.0,0.0,,0
637,E5_I2_P36,,2.62779825187584e-06,1.0533060886462599e-06,9.345589138930127e-07,,1
638,E5_I2_P37,,0.0,0.0,0.0,,0
639,E5_I2_P38,,0.0,0.0,0.0,,0
640,E5_I2_P39,,0.0,0.0,0.0,,0
641,E5_I2_P40,,1.0681413527977023e-05,4.28073283089259e-06,3.854489179003441e-06,,4
642,E5_I2_P41,,0.0,0.0,0.0,,0
643,E5_I2_P42,,0.0,0.0,0.0,,0
644,E5_I2_P43,,0.0,0.0,0.0,,0
645,E5_I2_P44,,0.0,0.0,0.0,,0
646,E5_I2_P45,,0.0,0.0,0.0,,0
647,E5_I2_P46,,0.0,0.0,0.0,,0
648,E5_I2_P47,,0.0,0.0,0.0,,0
649,E5_I2_P48,,1.2232468557357741e-05,4.69176238108911e-06,4.613112657400846e-06,,4
650,E5_I2_P49,,0.0,0.0,0.0,,0
651,E5_I2_P50,,2.50410281988113e-06,1.024548808316398e-06,8.863382045003823e-07,,1
652,E5_I2_P51,,0.0,0.0,0.0,,0
653,E5_I2_P52,,1.2644047197384115e-05,4.86347530954171e-06,4.957082509089276e-06,,4
654,E5_I2_P53,,0.0,0.0,0.0,,0
655,E5_I2_P54,,0.0,0.0,0.0,,0
656,E5_I2_P55,,3.1399110927988446e-06,1.1577325655061395e-06,1.123793116430024e-06,,1
657,E5_I2_P56,,0.0,0.0,0.0,,0
658,E5_I2_P57,,0.0,0.0,0.0,,0
659,E5_I2_P58,,5.562845399907874e-06,2.184763172636758e-06,2.005450815316029e-06,,2
660,E5_I2_P59,,0.0,0.0,0.0,,0
661,E5_I2_P60,,0.0,0.0,0.0,,0
662,E5_I2_P61,,0.0,0.0,0.0,,0
663,E5_I2_P62,,0.0,0.0,0.0,,0
664,E5_I2_P63,,0.0,0.0,0.0,,0
665,E5_I2_P64,,0.0,0.0,0.0,,0
666,E5_I2_P65,,8.098237906781583e-06,3.2111120185257926e-06,2.891844997108155e-06,,3
667,E5_I2_P66,,2.7498466024373402e-06,1.081839271310856e-06,9.84029690143811e-07,,1
668,E5_I2_P67,,0.0,0.0,0.0,,0
669,E5_I2_P68,,0.0,0.0,0.0,,0
670,E5_I2_P69,,0.0,0.0,0.0,,0
671,E5_I2_P70,,0.0,0.0,0.0,,0
672,E5_I2_P71,,1.5158034793835003e-05,6.202046327678674e-06,5.4087858965907744e-06,,6
673,E5_I2_P72,,0.0,0.0,0.0,,0
674,E5_I2_P73,,0.0,0.0,0.0,,0
675,E5_I2_P74,,0.0,0.0,0.0,,0
676,E5_I2_P75,,0.0,0.0,0.0,,0
677,E5_I2_P76,,8.885166314568543e-06,3.4230189010044007e-06,3.2758315698440053e-06,,3
678,E5_I2_P77,,0.0,0.0,0.0,,0
679,E5_I2_P78,,0.0,0.0,0.0,,0
680,E5_I2_P79,,0.0,0.0,0.0,,0
681,E5_I2_P80,,0.0,0.0,0.0,,0
682,E5_I2_P81,,0.0,0.0,0.0,,0
683,E5_I2_P82,,0.0,0.0,0.0,,0
684,E5_I2_P83,,5.8269472197661484e-06,2.2593409258478086e-06,2.1413992705858737e-06,,2
685,E5_I2_P84,,0.0,0.0,0.0,,0
686,E5_I2_P85,,0.0,0.0,0.0,,0
687,E5_I2_P86,,0.0,0.0,0.0,,0
688,E5_I2_P87,,0.0,0.0,0.0,,0
689,E5_I2_P88,,0.0,0.0,0.0,,0
690,E5_I2_P89,,0.0,0.0,0.0,,0
691,E5_I2_P90,,0.0,0.0,0.0,,0
692,E5_I2_P91,,0.0,0.0,0.0,,0
693,E5_I2_P92,,7.295965838532826e-06,2.9978668666396755e-06,2.5359256128486896e-06,,3
694,E5_I2_P93,,0.0,0.0,0.0,,0
695,E5_I2_P94,,0.0,0.0,0.0,,0
696,E5_I2_P95,,5.524114808873733e-06,2.184148019919868e-06,2.0043534557057932e-06,,2
697,E5_I2_P96,,0.0,0.0,0.0,,0
698,E5_I2_P97,,0.0,0.0,0.0,,0
699,E5_I2_P98,,5.46507894470482e-06,2.19712551762213e-06,2.0275863257550605e-06,,2
700,E5_I2_P99,,4.4505702630480486e-05,1.8222914532726217e-05,1.7408580471707248e-05,,16
701,E6_I2_P0,,0.0,0.0,0.0,,0
702,E6_I2_P1,,0.0,0.0,0.0,,0
703,E6_I2_P2,,0.0,0.0,0.0,,0
704,E6_I2_P3,,0.0,0.0,0.0,,0
705,E6_I2_P4,,0.0,0.0,0.0,,0
706,E6_I2_P5,,3.48309271504807e-05,1.4950237797369465e-05,1.2617166159246303e-05,,15
707,E6_I2_P6,,0.0,0.0,0.0,,0
708,E6_I2_P7,,0.0,0.0,0.0,,0
709,E6_I2_P8,,0.0,0.0,0.0,,0
710,E6_I2_P9,,0.0,0.0,0.0,,0
711,E6_I2_P10,,0.0,0.0,0.0,,0
712,E6_I2_P11,,0.0,0.0,0.0,,0
713,E6_I2_P12,,4.987229727986845e-06,2.039291154120062e-06,1.7565554649953627e-06,,2
714,E6_I2_P13,,0.0,0.0,0.0,,0
715,E6_I2_P14,,0.0,0.0,0.0,,0
716,E6_I2_P15,,0.0,0.0,0.0,,0
717,E6_I2_P16,,0.0,0.0,0.0,,0
718,E6_I2_P17,,0.0,0.0,0.0,,0
719,E6_I2_P18,,0.0,0.0,0.0,,0
720,E6_I2_P19,,0.0,0.0,0.0,,0
721,E6_I2_P20,,0.0,0.0,0.0,,0
722,E6_I2_P21,,2.6952628218952545e-06,1.0829799418686675e-06,9.86041595178651e-07,,1
723,E6_I2_P22,,0.0,0.0,0.0,,0
724,E6_I2_P23,,0.0,0.0,0.0,,0
725,E6_I2_P24,,0.0,0.0,0.0,,0
726,E6_I2_P25,,0.0,0.0,0.0,,0
727,E6_I2_P26,,0.0,0.0,0.0,,0
728,E6_I2_P27,,0.0,0.0,0.0,,0
729,E6_I2_P28,,0.0,0.0,0.0,,0
730,E6_I2_P29,,0.0,0.0,0.0,,0
731,E6_I2_P30,,5.520430827183081e-06,2.186526935829984e-06,2.0085993158208582e-06,,2
732,E6_I2_P31,,5.732642775026613e-06,2.236475524674201e-06,2.099099538775354e-06,,2
733,E6_I2_P32,,0.0,0.0,0.0,,0
734,E6_I2_P33,,0.0,0.0,0.0,,0
735,E6_I2_P34,,0.0,0.0,0.0,,0
736,E6_I2_P35,,0.0,0.0,0.0,,0
737,E6_I2_P36,,0.0,0.0,0.0,,0
738,E6_I2_P37,,0.0,0.0,0.0,,0
739,E6_I2_P38,,0.0,0.0,0.0,,0
740,E6_I2_P39,,0.0,0.0,0.0,,0
741,E6_I2_P40,,3.071963262250058e-05,1.237340997264452e-05,1.1679343620888506e-05,,11
742,E6_I2_P41,,0.0,0.0,0.0,,0
743,E6_I2_P42,,0.0,0.0,0.0,,0
744,E6_I2_P43,,0.0,0.0,0.0,,0
745,E6_I2_P44,,0.0,0.0,0.0,,0
746,E6_I2_P45,,0.0,0.0,0.0,,0
747,E6_I2_P46,,0.0,0.0,0.0,,0
748,E6_I2_P47,,0.0,0.0,0.0,,0
749,E6_I2_P48,,1.055601235459169e-05,4.263498066574473e-06,3.8245927047806455e-06,,4
750,E6_I2_P49,,0.0,0.0,0.0,,0
751,E6_I2_P50,,0.0,0.0,0.0,,0
752,E6_I2_P51,,7.584235578340178e-06,3.0989567416213486e-06,2.7009507346586e-06,,3
753,E6_I2_P52,,0.0,0.0,0.0,,0
754,E6_I2_P53,,0.0,0.0,0.0,,0
755,E6_I2_P54,,0.0,0.0,0.0,,0
756,E6_I2_P55,,0.0,0.0,0.0,,0
757,E6_I2_P56,,2.3228930369737245e-06,9.690755232610746e-07,7.978248104368252e-07,,1
758,E6_I2_P57,,0.0,0.0,0.0,,0
759,E6_I2_P58,,0.0,0.0,0.0,,0
760,E6_I2_P59,,0.0,0.0,0.0,,0
761,E6_I2_P60,,0.0,0.0,0.0,,0
762,E6_I2_P61,,0.0,0.0,0.0,,0
763,E6_I2_P62,,0.0,0.0,0.0,,0
764,E6_I2_P63,,0.0,0.0,0.0,,0
765,E6_I2_P64,,0.0,0.0,0.0,,0
766,E6_I2_P65,,0.0,0.0,0.0,,0
767,E6_I2_P66,,0.0,0.0,0.0,,0
768,E6_I2_P67,,0.0,0.0,0.0,,0
769,E6_I2_P68,,2.531100723237182e-06,1.0131478437101875e-06,8.676676659305954e-07,,1
770,E6_I2_P69,,0.0,0.0,0.0,,0
771,E6_I2_P70,,5.654042720463295e-06,2.2070962731706915e-06,2.045554498685731e-06,,2
772,E6_I2_P71,,1.7318036596952247e-05,6.802328822527023e-06,6.469560716827328e-06,,6
773,E6_I2_P72,,0.0,0.0,0.0,,0
774,E6_I2_P73,,0.0,0.0,0.0,,0
775,E6_I2_P74,,0.0,0.0,0.0,,0
776,E6_I2_P75,,0.0,0.0,0.0,,0
777,E6_I2_P76,,0.0,0.0,0.0,,0
778,E6_I2_P77,,2.747121160835436e-06,1.079294012866617e-06,9.795499359864117e-07,,1
779,E6_I2_P78,,5.8185010164315105e-06,2.245932487851935e-06,2.116527540256354e-06,,2
780,E6_I2_P79,,1.4750482667535235e-05,5.705236960418067e-06,5.460106821529857e-06,,5
781,E6_I2_P80,,0.0,0.0,0.0,,0
782,E6_I2_P81,,3.058346882739771e-06,1.1585211966060894e-06,1.1253097063307392e-06,,1
783,E6_I2_P82,,2.7299746880598274e-06,1.0743852878564466e-06,9.709475501415521e-07,,1
784,E6_I2_P83,,0.0,0.0,0.0,,0
785,E6_I2_P84,,0.0,0.0,0.0,,0
786,E6_I2_P85,,0.0,0.0,0.0,,0
787,E6_I2_P86,,0.0,0.0,0.0,,0
788,E6_I2_P87,,0.0,0.0,0.0,,0
789,E6_I2_P88,,0.0,0.0,0.0,,0
790,E6_I2_P89,,5.425156935755159e-06,2.158999791393139e-06,1.9598236158745713e-06,,2
791,E6_I2_P90,,0.0,0.0,0.0,,0
792,E6_I2_P91,,0.0,0.0,0.0,,0
793,E6_I2_P92,,0.0,0.0,0.0,,0
794,E6_I2_P93,,0.0,0.0,0.0,,0
795,E6_I2_P94,,0.0,0.0,0.0,,0
796,E6_I2_P95,,2.963341564880951e-06,1.1363697213894634e-06,1.083221468149633e-06,,1
797,E6_I2_P96,,0.0,0.0,0.0,,0
798,E6_I2_P97,,0.0,0.0,0.0,,0
799,E6_I2_P98,,0.0,0.0,0.0,,0
800,E6_I2_P99,,0.0,0.0,0.0,,0
801,E7_I2_P0,,0.0,0.0,0.0,,0
802,E7_I2_P1,,0.0,0.0,0.0,,0
803,E7_I2_P2,,0.0,0.0,0.0,,0
804,E7_I2_P3,,0.0,0.0,0.0,,0
805,E7_I2_P4,,0.0,0.0,0.0,,0
806,E7_I2_P5,,2.4559906873925317e-06,1.0037645886475164e-06,8.524891190420069e-07,,1
807,E7_I2_P6,,0.0,0.0,0.0,,0
808,E7_I2_P7,,0.0,0.0,0.0,,0
809,E7_I2_P8,,2.5438615936969195e-06,1.025240107433101e-06,8.87478389901206e-07,,1
810,E7_I2_P9,,0.0,0.0,0.0,,0
811,E7_I2_P10,,0.0,0.0,0.0,,0
812,E7_I2_P11,,2.537395167957038e-06,1.0281972114998084e-06,8.923661422900124e-07,,1
813,E7_I2_P12,,2.663668291016213e-06,1.0482738311850515e-06,9.260030928503302e-07,,1
814,E7_I2_P13,,3.1943864872843185e-05,1.2653731997346249e-05,1.2206049207022916e-05,,11
815,E7_I2_P14,,0.0,0.0,0.0,,0
816,E7_I2_P15,,0.0,0.0,0.0,,0
817,E7_I2_P16,,0.0,0.0,0.0,,0
818,E7_I2_P17,,0.0,0.0,0.0,,0
819,E7_I2_P18,,2.842486766016903e-06,1.0971486936444542e-06,1.0112542485319117e-06,,1
820,E7_I2_P19,,0.0,0.0,0.0,,0
821,E7_I2_P20,,0.0,0.0,0.0,,0
822,E7_I2_P21,,1.6816611377633957e-05,6.709905802393267e-06,6.298179432507791e-06,,6
823,E7_I2_P22,,2.7226605992809415e-06,1.0651642407003453e-06,9.549196745442764e-07,,1
824,E7_I2_P23,,0.0,0.0,0.0,,0
825,E7_I2_P24,,4.9876734538252785e-06,2.01382121425924e-06,1.7151187719749592e-06,,2
826,E7_I2_P25,,0.0,0.0,0.0,,0
827,E7_I2_P26,,0.0,0.0,0.0,,0
828,E7_I2_P27,,0.0,0.0,0.0,,0
829,E7_I2_P28,,0.0,0.0,0.0,,0
830,E7_I2_P29,,0.0,0.0,0.0,,0
831,E7_I2_P30,,0.0,0.0,0.0,,0
832,E7_I2_P31,,0.0,0.0,0.0,,0
833,E7_I2_P32,,0.0,0.0,0.0,,0
834,E7_I2_P33,,0.0,0.0,0.0,,0
835,E7_I2_P34,,0.0,0.0,0.0,,0
836,E7_I2_P35,,0.0,0.0,0.0,,0
837,E7_I2_P36,,0.0,0.0,0.0,,0
838,E7_I2_P37,,0.0,0.0,0.0,,0
839,E7_I2_P38,,0.0,0.0,0.0,,0
840,E7_I2_P39,,0.0,0.0,0.0,,0
841,E7_I2_P40,,1.4638049243850865e-05,5.770958704429261e-06,5.585002481137353e-06,,5
842,E7_I2_P41,,5.680374861031789e-06,2.188721271780463e-06,2.0125208987717084e-06,,2
843,E7_I2_P42,,2.752563711969314e-06,1.0946864838109954e-06,1.0068432619405949e-06,,1
844,E7_I2_P43,,2.9935950850673902e-06,1.1408645638677167e-06,1.091676539516371e-06,,1
845,E7_I2_P44,,0.0,0.0,0.0,,0
846,E7_I2_P45,,0.0,0.0,0.0,,0
847,E7_I2_P46,,0.0,0.0,0.0,,0
848,E7_I2_P47,,0.0,0.0,0.0,,0
849,E7_I2_P48,,0.0,0.0,0.0,,0
850,E7_I2_P49,,0.0,0.0,0.0,,0
851,E7_I2_P50,,5.3854950089640896e-06,2.1303901929701013e-06,1.9099460440242563e-06,,2
852,E7_I2_P51,,0.0,0.0,0.0,,0
853,E7_I2_P52,,0.0,0.0,0.0,,0
854,E7_I2_P53,,0.0,0.0,0.0,,0
855,E7_I2_P54,,5.782720213328162e-06,2.2322435893487608e-06,2.09133104071168e-06,,2
856,E7_I2_P55,,9.703354652882566e-06,4.013567324045897e-06,3.4075584758331696e-06,,4
857,E7_I2_P56,,0.0,0.0,0.0,,0
858,E7_I2_P57,,2.7719119447257914e-06,1.08097247301914e-06,9.825026110006888e-07,,1
859,E7_I2_P58,,3.017589319711145e-06,1.1375522116084133e-06,1.0854416227786437e-06,,1
860,E7_I2_P59,,7.483592518670279e-06,3.006015669762647e-06,2.5489856630177227e-06,,3
861,E7_I2_P60,,0.0,0.0,0.0,,0
862,E7_I2_P61,,0.0,0.0,0.0,,0
863,E7_I2_P62,,2.6368538325199215e-06,1.0475019222377125e-06,9.246951395711727e-07,,1
864,E7_I2_P63,,5.281291482041216e-06,2.1137215189296162e-06,1.881265790874732e-06,,2
865,E7_I2_P64,,0.0,0.0,0.0,,0
866,E7_I2_P65,,0.0,0.0,0.0,,0
867,E7_I2_P66,,0.0,0.0,0.0,,0
868,E7_I2_P67,,5.691593501662362e-06,2.2104287892123433e-06,2.051582950114735e-06,,2
869,E7_I2_P68,,0.0,0.0,0.0,,0
870,E7_I2_P69,,0.0,0.0,0.0,,0
871,E7_I2_P70,,0.0,0.0,0.0,,0
872,E7_I2_P71,,0.0,0.0,0.0,,0
873,E7_I2_P72,,0.0,0.0,0.0,,0
874,E7_I2_P73,,0.0,0.0,0.0,,0
875,E7_I2_P74,,0.0,0.0,0.0,,0
876,E7_I2_P75,,0.0,0.0,0.0,,0
877,E7_I2_P76,,0.0,0.0,0.0,,0
878,E7_I2_P77,,0.0,0.0,0.0,,0
879,E7_I2_P78,,0.0,0.0,0.0,,0
880,E7_I2_P79,,0.0,0.0,0.0,,0
881,E7_I2_P80,,0.0,0.0,0.0,,0
882,E7_I2_P81,,0.0,0.0,0.0,,0
883,E7_I2_P82,,0.0,0.0,0.0,,0
884,E7_I2_P83,,0.0,0.0,0.0,,0
885,E7_I2_P84,,2.5883568696347896e-06,1.0513830237630735e-06,9.312833923301363e-07,,1
886,E7_I2_P85,,0.0,0.0,0.0,,0
887,E7_I2_P86,,0.0,0.0,0.0,,0
888,E7_I2_P87,,2.551484754612216e-06,1.0208342041187564e-06,8.802274507732799e-07,,1
889,E7_I2_P88,,2.8461375272480714e-06,1.1180878006357388e-06,1.049274177703501e-06,,1
890,E7_I2_P89,,0.0,0.0,0.0,,0
891,E7_I2_P90,,0.0,0.0,0.0,,0
892,E7_I2_P91,,0.0,0.0,0.0,,0
893,E7_I2_P92,,0.0,0.0,0.0,,0
894,E7_I2_P93,,9.74640137224258e-06,4.020659609371207e-06,3.418974367521795e-06,,4
895,E7_I2_P94,,0.0,0.0,0.0,,0
896,E7_I2_P95,,0.0,0.0,0.0,,0
897,E7_I2_P96,,0.0,0.0,0.0,,0
898,E7_I2_P97,,0.0,0.0,0.0,,0
899,E7_I2_P98,,0.0,0.0,0.0,,0
900,E7_I2_P99,,0.0,0.0,0.0,,0
901,E8_I2_P0,,0.0,0.0,0.0,,0
902,E8_I2_P1,,2.474476314873634e-06,9.996868234576484e-07,8.459453206323104e-07,,1
903,E8_I2_P2,,0.0,0.0,0.0,,0
904,E8_I2_P3,,0.0,0.0,0.0,,0
905,E8_I2_P4,,0.0,0.0,0.0,,0
906,E8_I2_P5,,0.0,0.0,0.0,,0
907,E8_I2_P6,,0.0,0.0,0.0,,0
908,E8_I2_P7,,0.0,0.0,0.0,,0
909,E8_I2_P8,,0.0,0.0,0.0,,0
910,E8_I2_P9,,0.0,0.0,0.0,,0
911,E8_I2_P10,,0.0,0.0,0.0,,0
912,E8_I2_P11,,0.0,0.0,0.0,,0
913,E8_I2_P12,,0.0,0.0,0.0,,0
914,E8_I2_P13,,0.0,0.0,0.0,,0
915,E8_I2_P14,,0.0,0.0,0.0,,0
916,E8_I2_P15,,0.0,0.0,0.0,,0
917,E8_I2_P16,,0.0,0.0,0.0,,0
918,E8_I2_P17,,2.7366418042801348e-06,1.0815429992574018e-06,9.835075616978882e-07,,1
919,E8_I2_P18,,0.0,0.0,0.0,,0
920,E8_I2_P19,,0.0,0.0,0.0,,0
921,E8_I2_P20,,0.0,0.0,0.0,,0
922,E8_I2_P21,,2.6450773025965826e-06,1.0498914367561202e-06,9.287478574947863e-07,,1
923,E8_I2_P22,,0.0,0.0,0.0,,0
924,E8_I2_P23,,0.0,0.0,0.0,,0
925,E8_I2_P24,,0.0,0.0,0.0,,0
926,E8_I2_P25,,0.0,0.0,0.0,,0
927,E8_I2_P26,,0.0,0.0,0.0,,0
928,E8_I2_P27,,0.0,0.0,0.0,,0
929,E8_I2_P28,,0.0,0.0,0.0,,0
930,E8_I2_P29,,0.0,0.0,0.0,,0
931,E8_I2_P30,,0.0,0.0,0.0,,0
932,E8_I2_P31,,0.0,0.0,0.0,,0
933,E8_I2_P32,,0.0,0.0,0.0,,0
934,E8_I2_P33,,0.0,0.0,0.0,,0
935,E8_I2_P34,,3.1620935926398447e-06,1.180395384337267e-06,1.1679166294393242e-06,,1
936,E8_I2_P35,,8.766968097200805e-06,3.4011644112635114e-06,3.234780358413664e-06,,3
937,E8_I2_P36,,8.320567351041715e-06,3.2590842666840047e-06,2.9760642591794844e-06,,3
938,E8_I2_P37,,0.0,0.0,0.0,,0
939,E8_I2_P38,,0.0,0.0,0.0,,0
940,E8_I2_P39,,0.0,0.0,0.0,,0
941,E8_I2_P40,,0.0,0.0,0.0,,0
942,E8_I2_P41,,2.2520810942795602e-05,9.34539684449861e-06,8.183910658975306e-06,,9
943,E8_I2_P42,,0.0,0.0,0.0,,0
944,E8_I2_P43,,0.0,0.0,0.0,,0
945,E8_I2_P44,,0.0,0.0,0.0,,0
946,E8_I2_P45,,0.0,0.0,0.0,,0
947,E8_I2_P46,,0.0,0.0,0.0,,0
948,E8_I2_P47,,0.0,0.0,0.0,,0
949,E8_I2_P48,,7.149486358636225e-06,2.9844823374785704e-06,2.514565621361738e-06,,3
950,E8_I2_P49,,0.0,0.0,0.0,,0
951,E8_I2_P50,,0.0,0.0,0.0,,0
952,E8_I2_P51,,0.0,0.0,0.0,,0
953,E8_I2_P52,,0.0,0.0,0.0,,0
954,E8_I2_P53,,0.0,0.0,0.0,,0
955,E8_I2_P54,,0.0,0.0,0.0,,0
956,E8_I2_P55,,0.0,0.0,0.0,,0
957,E8_I2_P56,,0.0,0.0,0.0,,0
958,E8_I2_P57,,6.313556384134564e-06,2.365416069718829e-06,2.3449655348690517e-06,,2
959,E8_I2_P58,,0.0,0.0,0.0,,0
960,E8_I2_P59,,2.7794906274299385e-06,1.0867352427760053e-06,9.926839195131879e-07,,1
961,E8_I2_P60,,0.0,0.0,0.0,,0
962,E8_I2_P61,,0.0,0.0,0.0,,0
963,E8_I2_P62,,2.759462514043031e-06,1.0898363077449428e-06,9.98190779212677e-07,,1
964,E8_I2_P63,,2.9853336574618575e-06,1.140521713363561e-06,1.0910300960652e-06,,1
965,E8_I2_P64,,0.0,0.0,0.0,,0
966,E8_I2_P65,,5.663437529385921e-06,2.230953739218319e-06,2.088967016255297e-06,,2
967,E8_I2_P66,,0.0,0.0,0.0,,0
968,E8_I2_P67,,0.0,0.0,0.0,,0
969,E8_I2_P68,,0.0,0.0,0.0,,0
970,E8_I2_P69,,0.0,0.0,0.0,,0
971,E8_I2_P70,,0.0,0.0,0.0,,0
972,E8_I2_P71,,0.0,0.0,0.0,,0
973,E8_I2_P72,,0.0,0.0,0.0,,0
974,E8_I2_P73,,0.0,0.0,0.0,,0
975,E8_I2_P74,,0.0,0.0,0.0,,0
976,E8_I2_P75,,0.0,0.0,0.0,,0
977,E8_I2_P76,,0.0,0.0,0.0,,0
978,E8_I2_P77,,0.0,0.0,0.0,,0
979,E8_I2_P78,,8.20644548438576e-06,3.277974699981288e-06,3.009657237661346e-06,,3
980,E8_I2_P79,,0.0,0.0,0.0,,0
981,E8_I2_P80,,0.0,0.0,0.0,,0
982,E8_I2_P81,,0.0,0.0,0.0,,0
983,E8_I2_P82,,0.0,0.0,0.0,,0
984,E8_I2_P83,,0.0,0.0,0.0,,0
985,E8_I2_P84,,0.0,0.0,0.0,,0
986,E8_I2_P85,,0.0,0.0,0.0,,0
987,E8_I2_P86,,0.0,0.0,0.0,,0
988,E8_I2_P87,,0.0,0.0,0.0,,0
989,E8_I2_P88,,0.0,0.0,0.0,,0
990,E8_I2_P89,,2.961030054742656e-06,1.1376174347839178e-06,1.0855641676979526e-06,,1
991,E8_I2_P90,,0.0,0.0,0.0,,0
992,E8_I2_P91,,2.4642751052451225e-06,9.998873652166011e-07,8.462663995849911e-07,,1
993,E8_I2_P92,,0.0,0.0,0.0,,0
994,E8_I2_P93,,0.0,0.0,0.0,,0
995,E8_I2_P94,,0.0,0.0,0.0,,0
996,E8_I2_P95,,0.0,0.0,0.0,,0
997,E8_I2_P96,,0.0,0.0,0.0,,0
998,E8_I2_P97,,0.0,0.0,0.0,,0
999,E8_I2_P98,,0.0,0.0,0.0,,0
1000,E8_I2_P99,,0.0,0.0,0.0,,0
1001,E9_I2_P0,,3.3921441173872156e-05,1.4659845460033858e-05,1.2159252157355316e-05,,15
1002,E9_I2_P1,,0.0,0.0,0.0,,0
1003,E9_I2_P2,,0.0,0.0,0.0,,0
1004,E9_I2_P3,,1.8891168232232387e-05,7.5928781883283615e-06,6.923524479480775e-06,,7
1005,E9_I2_P4,,0.0,0.0,0.0,,0
1006,E9_I2_P5,,0.0,0.0,0.0,,0
1007,E9_I2_P6,,0.0,0.0,0.0,,0
1008,E9_I2_P7,,0.0,0.0,0.0,,0
1009,E9_I2_P8,,0.0,0.0,0.0,,0
1010,E9_I2_P9,,0.0,0.0,0.0,,0
1011,E9_I2_P10,,0.0,0.0,0.0,,0
1012,E9_I2_P11,,0.0,0.0,0.0,,0
1013,E9_I2_P12,,3.98139192644476e-05,1.6490554373306002e-05,1.5228673765259131e-05,,15
1014,E9_I2_P13,,0.0,0.0,0.0,,0
1015,E9_I2_P14,,0.0,0.0,0.0,,0
1016,E9_I2_P15,,0.0,0.0,0.0,,0
1017,E9_I2_P16,,0.0,0.0,0.0,,0
1018,E9_I2_P17,,0.0,0.0,0.0,,0
1019,E9_I2_P18,,0.0,0.0,0.0,,0
1020,E9_I2_P19,,0.0,0.0,0.0,,0
1021,E9_I2_P20,,0.0,0.0,0.0,,0
1022,E9_I2_P21,,0.0,0.0,0.0,,0
1023,E9_I2_P22,,2.570063503417161e-06,1.02459062374243e-06,8.864071458598472e-07,,1
1024,E9_I2_P23,,0.0,0.0,0.0,,0
1025,E9_I2_P24,,0.0,0.0,0.0,,0
1026,E9_I2_P25,,2.254650996706122e-06,9.477485694434725e-07,7.653295020938459e-07,,1
1027,E9_I2_P26,,0.0,0.0,0.0,,0
1028,E9_I2_P27,,0.0,0.0,0.0,,0
1029,E9_I2_P28,,0.0,0.0,0.0,,0
1030,E9_I2_P29,,0.0,0.0,0.0,,0
1031,E9_I2_P30,,0.0,0.0,0.0,,0
1032,E9_I2_P31,,0.0,0.0,0.0,,0
1033,E9_I2_P32,,0.0,0.0,0.0,,0
1034,E9_I2_P33,,9.797431341737777e-06,4.048337320539407e-06,3.4637552649080025e-06,,4
1035,E9_I2_P34,,1.3090752711897111e-05,5.297885164525037e-06,4.726456339359565e-06,,5
1036,E9_I2_P35,,0.0,0.0,0.0,,0
1037,E9_I2_P36,,0.0,0.0,0.0,,0
1038,E9_I2_P37,,0.0,0.0,0.0,,0
1039,E9_I2_P38,,0.0,0.0,0.0,,0
1040,E9_I2_P39,,0.0,0.0,0.0,,0
1041,E9_I2_P40,,0.0,0.0,0.0,,0
1042,E9_I2_P41,,0.0,0.0,0.0,,0
1043,E9_I2_P42,,5.894597570888299e-06,2.2595130237850374e-06,2.1417197366969758e-06,,2
1044,E9_I2_P43,,0.0,0.0,0.0,,0
1045,E9_I2_P44,,0.0,0.0,0.0,,0
1046,E9_I2_P45,,2.6192557601340816e-06,1.0507969736746565e-06,9.30286644572359e-07,,1
1047,E9_I2_P46,,0.0,0.0,0.0,,0
1048,E9_I2_P47,,1.3283153346144312e-05,5.321865379455846e-06,4.76776229844285e-06,,5
1049,E9_I2_P48,,1.3162128911645178e-05,5.278158214664748e-06,4.692649082528447e-06,,5
1050,E9_I2_P49,,0.0,0.0,0.0,,0
1051,E9_I2_P50,,0.0,0.0,0.0,,0
1052,E9_I2_P51,,0.0,0.0,0.0,,0
1053,E9_I2_P52,,0.0,0.0,0.0,,0
1054,E9_I2_P53,,0.0,0.0,0.0,,0
1055,E9_I2_P54,,0.0,0.0,0.0,,0
1056,E9_I2_P55,,0.0,0.0,0.0,,0
1057,E9_I2_P56,,1.4961067559337486e-05,5.744968031663e-06,5.535388290882441e-06,,5
1058,E9_I2_P57,,0.0,0.0,0.0,,0
1059,E9_I2_P58,,0.0,0.0,0.0,,0
1060,E9_I2_P59,,0.0,0.0,0.0,,0
1061,E9_I2_P60,,0.0,0.0,0.0,,0
1062,E9_I2_P61,,0.0,0.0,0.0,,0
1063,E9_I2_P62,,0.0,0.0,0.0,,0
1064,E9_I2_P63,,0.0,0.0,0.0,,0
1065,E9_I2_P64,,0.0,0.0,0.0,,0
1066,E9_I2_P65,,0.0,0.0,0.0,,0
1067,E9_I2_P66,,5.339571635246441e-06,2.1136577048320566e-06,1.8811565256261723e-06,,2
1068,E9_I2_P67,,0.0,0.0,0.0,,0
1069,E9_I2_P68,,0.0,0.0,0.0,,0
1070,E9_I2_P69,,2.74999034239543e-06,1.0836357347804618e-06,9.87199477968916e-07,,1
1071,E9_I2_P70,,0.0,0.0,0.0,,0
1072,E9_I2_P71,,0.0,0.0,0.0,,0
1073,E9_I2_P72,,2.4469336139002106e-06,9.930726825321735e-07,8.353985080618045e-07,,1
1074,E9_I2_P73,,0.0,0.0,0.0,,0
1075,E9_I2_P74,,0.0,0.0,0.0,,0
1076,E9_I2_P75,,0.0,0.0,0.0,,0
1077,E9_I2_P76,,0.0,0.0,0.0,,0
1078,E9_I2_P77,,0.0,0.0,0.0,,0
1079,E9_I2_P78,,0.0,0.0,0.0,,0
1080,E9_I2_P79,,0.0,0.0,0.0,,0
1081,E9_I2_P80,,0.0,0.0,0.0,,0
1082,E9_I2_P81,,2.66685369702578e-06,1.0596480486525358e-06,9.454132566792265e-07,,1
1083,E9_I2_P82,,0.0,0.0,0.0,,0
1084,E9_I2_P83,,0.0,0.0,0.0,,0
1085,E9_I2_P84,,0.0,0.0,0.0,,0
1086,E9_I2_P85,,0.0,0.0,0.0,,0
1087,E9_I2_P86,,0.0,0.0,0.0,,0
1088,E9_I2_P87,,0.0,0.0,0.0,,0
1089,E9_I2_P88,,6.426561923907938e-06,2.407633421869702e-06,2.4294215091870096e-06,,2
1090,E9_I2_P89,,0.0,0.0,0.0,,0
1091,E9_I2_P90,,0.0,0.0,0.0,,0
1092,E9_I2_P91,,0.0,0.0,0.0,,0
1093,E9_I2_P92,,0.0,0.0,0.0,,0
1094,E9_I2_P93,,0.0,0.0,0.0,,0
1095,E9_I2_P94,,0.0,0.0,0.0,,0
1096,E9_I2_P95,,0.0,0.0,0.0,,0
1097,E9_I2_P96,,0.0,0.0,0.0,,0
1098,E9_I2_P97,,0.0,0.0,0.0,,0
1099,E9_I2_P98,,0.0,0.0,0.0,,0
1100,E9_I2_P99,,0.0,0.0,0.0,,0
1101,E10_I2_P0,,0.0,0.0,0.0,,0
1102,E10_I2_P1,,2.6026383305424503e-06,1.0341041130022126e-06,9.021806156570741e-07,,1
1103,E10_I2_P2,,0.0,0.0,0.0,,0
1104,E10_I2_P3,,0.0,0.0,0.0,,0
1105,E10_I2_P4,,5.685258367794019e-06,2.208647789168904e-06,2.0483597247414204e-06,,2
1106,E10_I2_P5,,2.6836695912674517e-06,1.07299027649332e-06,9.685117461104569e-07,,1
1107,E10_I2_P6,,0.0,0.0,0.0,,0
1108,E10_I2_P7,,0.0,0.0,0.0,,0
1109,E10_I2_P8,,8.756133510816559e-06,3.3871578603984278e-06,3.2086488059013472e-06,,3
1110,E10_I2_P9,,0.0,0.0,0.0,,0
1111,E10_I2_P10,,0.0,0.0,0.0,,0
1112,E10_I2_P11,,0.0,0.0,0.0,,0
1113,E10_I2_P12,,0.0,0.0,0.0,,0
1114,E10_I2_P13,,0.0,0.0,0.0,,0
1115,E10_I2_P14,,0.0,0.0,0.0,,0
1116,E10_I2_P15,,0.0,0.0,0.0,,0
1117,E10_I2_P16,,0.0,0.0,0.0,,0
1118,E10_I2_P17,,3.651837008054477e-05,1.5521779985580294e-05,1.3549752999294284e-05,,15
1119,E10_I2_P18,,0.0,0.0,0.0,,0
1120,E10_I2_P19,,0.0,0.0,0.0,,0
1121,E10_I2_P20,,2.6368530248537516e-06,1.044044993681927e-06,9.188520413906091e-07,,1
1122,E10_I2_P21,,3.410735279670237e-05,1.3937323937588675e-05,1.257051271978756e-05,,13
1123,E10_I2_P22,,0.0,0.0,0.0,,0
1124,E10_I2_P23,,0.0,0.0,0.0,,0
1125,E10_I2_P24,,5.906842921497745e-06,2.270453926528605e-06,2.1621574872270547e-06,,2
1126,E10_I2_P25,,0.0,0.0,0.0,,0
1127,E10_I2_P26,,0.0,0.0,0.0,,0
1128,E10_I2_P27,,0.0,0.0,0.0,,0
1129,E10_I2_P28,,0.0,0.0,0.0,,0
1130,E10_I2_P29,,2.5434935251076132e-05,1.0493998651946495e-05,9.279132067102971e-06,,10
1131,E10_I2_P30,,0.0,0.0,0.0,,0
1132,E10_I2_P31,,0.0,0.0,0.0,,0
1133,E10_I2_P32,,0.0,0.0,0.0,,0
1134,E10_I2_P33,,0.0,0.0,0.0,,0
1135,E10_I2_P34,,0.0,0.0,0.0,,0
1136,E10_I2_P35,,0.0,0.0,0.0,,0
1137,E10_I2_P36,,0.0,0.0,0.0,,0
1138,E10_I2_P37,,0.0,0.0,0.0,,0
1139,E10_I2_P38,,0.0,0.0,0.0,,0
1140,E10_I2_P39,,0.0,0.0,0.0,,0
1141,E10_I2_P40,,2.712146672785929e-06,1.0795993243060524e-06,9.80086600452016e-07,,1
1142,E10_I2_P41,,0.0,0.0,0.0,,0
1143,E10_I2_P42,,0.0,0.0,0.0,,0
1144,E10_I2_P43,,0.0,0.0,0.0,,0
1145,E10_I2_P44,,5.568930343334595e-06,2.1793850591744265e-06,1.995870045907506e-06,,2
1146,E10_I2_P45,,2.823956195774685e-06,1.0938199603057497e-06,1.0052938775592269e-06,,1
1147,E10_I2_P46,,2.665684061152833e-06,1.0660685998535157e-06,9.564840411833334e-07,,1
1148,E10_I2_P47,,8.089127925716424e-06,3.2338483159661807e-06,2.931566250343543e-06,,3
1149,E10_I2_P48,,0.0,0.0,0.0,,0
1150,E10_I2_P49,,0.0,0.0,0.0,,0
1151,E10_I2_P50,,0.0,0.0,0.0,,0
1152,E10_I2_P51,,2.8296509421509196e-06,1.0972672760553699e-06,1.011467001394813e-06,,1
1153,E10_I2_P52,,0.0,0.0,0.0,,0
1154,E10_I2_P53,,0.0,0.0,0.0,,0
1155,E10_I2_P54,,0.0,0.0,0.0,,0
1156,E10_I2_P55,,1.2492015676885735e-05,4.770207339537474e-06,4.768205605025689e-06,,4
1157,E10_I2_P56,,1.790411695610218e-05,7.376383892352668e-06,6.547440885962287e-06,,7
1158,E10_I2_P57,,0.0,0.0,0.0,,0
1159,E10_I2_P58,,0.0,0.0,0.0,,0
1160,E10_I2_P59,,0.0,0.0,0.0,,0
1161,E10_I2_P60,,8.969651600709062e-06,3.440742511309126e-06,3.3093734694147707e-06,,3
1162,E10_I2_P61,,0.0,0.0,0.0,,0
1163,E10_I2_P62,,5.305318953207818e-06,2.133991270474628e-06,1.916178679829537e-06,,2
1164,E10_I2_P63,,0.0,0.0,0.0,,0
1165,E10_I2_P64,,2.4969766930321534e-06,1.017692802822726e-06,8.750805074066814e-07,,1
1166,E10_I2_P65,,0.0,0.0,0.0,,0
1167,E10_I2_P66,,0.0,0.0,0.0,,0
1168,E10_I2_P67,,1.2675839457099212e-05,4.781424727211543e-06,4.790662997817255e-06,,4
1169,E10_I2_P68,,0.0,0.0,0.0,,0
1170,E10_I2_P69,,0.0,0.0,0.0,,0
1171,E10_I2_P70,,2.2585289677999756e-05,8.93805725517783e-06,8.38198815520299e-06,,8
1172,E10_I2_P71,,0.0,0.0,0.0,,0
1173,E10_I2_P72,,2.8296684343478936e-06,1.0991096264587448e-06,1.0147761556017168e-06,,1
1174,E10_I2_P73,,5.210968062884903e-06,2.0864260077281697e-06,1.8348985782747092e-06,,2
1175,E10_I2_P74,,0.0,0.0,0.0,,0
1176,E10_I2_P75,,0.0,0.0,0.0,,0
1177,E10_I2_P76,,0.0,0.0,0.0,,0
1178,E10_I2_P77,,2.594314800241738e-06,1.0547419077267205e-06,9.370093145753438e-07,,1
1179,E10_I2_P78,,0.0,0.0,0.0,,0
1180,E10_I2_P79,,0.0,0.0,0.0,,0
1181,E10_I2_P80,,0.0,0.0,0.0,,0
1182,E10_I2_P81,,0.0,0.0,0.0,,0
1183,E10_I2_P82,,0.0,0.0,0.0,,0
1184,E10_I2_P83,,0.0,0.0,0.0,,0
1185,E10_I2_P84,,0.0,0.0,0.0,,0
1186,E10_I2_P85,,0.0,0.0,0.0,,0
1187,E10_I2_P86,,0.0,0.0,0.0,,0
1188,E10_I2_P87,,0.0,0.0,0.0,,0
1189,E10_I2_P88,,0.0,0.0,0.0,,0
1190,E10_I2_P89,,0.0,0.0,0.0,,0
1191,E10_I2_P90,,0.0,0.0,0.0,,0
1192,E10_I2_P91,,5.001288303374469e-05,2.1950675039820392e-05,1.8542941976816688e-05,,22
1193,E10_I2_P92,,1.5615368510941277e-05,5.971126885178055e-06,5.9769987158418265e-06,,5
1194,E10_I2_P93,,0.0,0.0,0.0,,0
1195,E10_I2_P94,,2.84073513840457e-06,1.1022221340553388e-06,1.0203826536989636e-06,,1
1196,E10_I2_P95,,0.0,0.0,0.0,,0
1197,E10_I2_P96,,0.0,0.0,0.0,,0
1198,E10_I2_P97,,2.571166887678528e-05,1.0262073620234135e-05,9.814329247846165e-06,,9
1199,E10_I2_P98,,0.0,0.0,0.0,,0
1200,E10_I2_P99,,2.5267955794041557e-06,1.0250338305899979e-06,8.871380726171305e-07,,1
1201,E11_I2_P0,,0.0,0.0,0.0,,0
1202,E11_I2_P1,,0.0,0.0,0.0,,0
1203,E11_I2_P2,,0.0,0.0,0.0,,0
1204,E11_I2_P3,,0.0,0.0,0.0,,0
1205,E11_I2_P4,,0.0,0.0,0.0,,0
1206,E11_I2_P5,,1.0568474625558478e-05,4.292702149591765e-06,3.875340000532859e-06,,4
1207,E11_I2_P6,,0.0,0.0,0.0,,0
1208,E11_I2_P7,,2.488866722457913e-05,1.0763685905336938e-05,8.93726930673602e-06,,11
1209,E11_I2_P8,,0.0,0.0,0.0,,0
1210,E11_I2_P9,,0.0001173437673386858,5.4449759834455575e-05,5.0798429499166366e-05,,49
1211,E11_I2_P10,,0.0,0.0,0.0,,0
1212,E11_I2_P11,,0.0,0.0,0.0,,0
1213,E11_I2_P12,,0.0,0.0,0.0,,0
1214,E11_I2_P13,,0.0001381539007691452,6.475604998197765e-05,6.171168732745087e-05,,57
1215,E11_I2_P14,,0.0,0.0,0.0,,0
1216,E11_I2_P15,,0.0,0.0,0.0,,0
1217,E11_I2_P16,,0.0,0.0,0.0,,0
1218,E11_I2_P17,,0.0,0.0,0.0,,0
1219,E11_I2_P18,,0.0,0.0,0.0,,0
1220,E11_I2_P19,,0.0,0.0,0.0,,0
1221,E11_I2_P20,,0.0,0.0,0.0,,0
1222,E11_I2_P21,,1.113250615742053e-05,4.376868491400951e-06,4.024015323450352e-06,,4
1223,E11_I2_P22,,0.0,0.0,0.0,,0
1224,E11_I2_P23,,0.0,0.0,0.0,,0
1225,E11_I2_P24,,0.0,0.0,0.0,,0
1226,E11_I2_P25,,0.0,0.0,0.0,,0
1227,E11_I2_P26,,0.0,0.0,0.0,,0
1228,E11_I2_P27,,0.0,0.0,0.0,,0
1229,E11_I2_P28,,0.0,0.0,0.0,,0
1230,E11_I2_P29,,2.856553514820251e-06,1.102950352345681e-06,1.0216972741627575e-06,,1
1231,E11_I2_P30,,0.0,0.0,0.0,,0
1232,E11_I2_P31,,1.0939605920326406e-05,4.355853947861147e-06,3.986555342108738e-06,,4
1233,E11_I2_P32,,1.9840817124620012e-05,8.157164616480227e-06,7.026221859981451e-06,,8
1234,E11_I2_P33,,0.0,0.0,0.0,,0
1235,E11_I2_P34,,0.0,0.0,0.0,,0
1236,E11_I2_P35,,0.0,0.0,0.0,,0
1237,E11_I2_P36,,0.0,0.0,0.0,,0
1238,E11_I2_P37,,5.5817822857961784e-06,2.2041480357565915e-06,2.0402308011093755e-06,,2
1239,E11_I2_P38,,0.0,0.0,0.0,,0
1240,E11_I2_P39,,2.6658471035577393e-05,1.0813325257166723e-05,9.83136746947975e-06,,10
1241,E11_I2_P40,,0.0,0.0,0.0,,0
1242,E11_I2_P41,,0.0,0.0,0.0,,0
1243,E11_I2_P42,,0.0,0.0,0.0,,0
1244,E11_I2_P43,,0.0,0.0,0.0,,0
1245,E11_I2_P44,,0.0,0.0,0.0,,0
1246,E11_I2_P45,,0.0,0.0,0.0,,0
1247,E11_I2_P46,,0.0,0.0,0.0,,0
1248,E11_I2_P47,,0.0,0.0,0.0,,0
1249,E11_I2_P48,,0.0,0.0,0.0,,0
1250,E11_I2_P49,,0.0,0.0,0.0,,0
1251,E11_I2_P50,,3.947876235616361e-05,1.7167646532622534e-05,1.4659652454133613e-05,,17
1252,E11_I2_P51,,0.0,0.0,0.0,,0
1253,E11_I2_P52,,1.3063097029620863e-05,5.281668883067307e-06,4.698654164487666e-06,,5
1254,E11_I2_P53,,0.0,0.0,0.0,,0
1255,E11_I2_P54,,0.0,0.0,0.0,,0
1256,E11_I2_P55,,0.0,0.0,0.0,,0
1257,E11_I2_P56,,0.0,0.0,0.0,,0
1258,E11_I2_P57,,0.0,0.0,0.0,,0
1259,E11_I2_P58,,0.0,0.0,0.0,,0
1260,E11_I2_P59,,0.0,0.0,0.0,,0
1261,E11_I2_P60,,5.72512429253871e-06,2.2198415019167975e-06,2.0686726930550005e-06,,2
1262,E11_I2_P61,,0.0,0.0,0.0,,0
1263,E11_I2_P62,,0.0,0.0,0.0,,0
1264,E11_I2_P63,,0.0,0.0,0.0,,0
1265,E11_I2_P64,,0.0,0.0,0.0,,0
1266,E11_I2_P65,,2.406337142291919e-06,9.902470935471065e-07,8.309181312983595e-07,,1
1267,E11_I2_P66,,0.0,0.0,0.0,,0
1268,E11_I2_P67,,0.0,0.0,0.0,,0
1269,E11_I2_P68,,0.0,0.0,0.0,,0
1270,E11_I2_P69,,0.0,0.0,0.0,,0
1271,E11_I2_P70,,0.0,0.0,0.0,,0
1272,E11_I2_P71,,0.0,0.0,0.0,,0
1273,E11_I2_P72,,0.0,0.0,0.0,,0
1274,E11_I2_P73,,0.0,0.0,0.0,,0
1275,E11_I2_P74,,2.6199651702146597e-06,1.0510054698743983e-06,9.306411745436136e-07,,1
1276,E11_I2_P75,,0.0,0.0,0.0,,0
1277,E11_I2_P76,,3.1440784033740635e-06,1.1875890492128203e-06,1.1821588585074063e-06,,1
1278,E11_I2_P77,,0.0,0.0,0.0,,0
1279,E11_I2_P78,,0.0,0.0,0.0,,0
1280,E11_I2_P79,,0.0,0.0,0.0,,0
1281,E11_I2_P80,,2.45537363444505e-06,1.0035781648887142e-06,8.521892635657347e-07,,1
1282,E11_I2_P81,,0.0,0.0,0.0,,0
1283,E11_I2_P82,,0.0,0.0,0.0,,0
1284,E11_I2_P83,,2.398969350413958e-06,9.940707388820994e-07,8.36984678995451e-07,,1
1285,E11_I2_P84,,0.0,0.0,0.0,,0
1286,E11_I2_P85,,0.0,0.0,0.0,,0
1287,E11_I2_P86,,8.768779419629674e-06,3.3795559205689224e-06,3.194524159653799e-06,,3
1288,E11_I2_P87,,2.755030241382528e-06,1.0953998207970475e-06,1.0081199017486344e-06,,1
1289,E11_I2_P88,,0.0,0.0,0.0,,0
1290,E11_I2_P89,,0.0,0.0,0.0,,0
1291,E11_I2_P90,,0.0,0.0,0.0,,0
1292,E11_I2_P91,,0.0,0.0,0.0,,0
1293,E11_I2_P92,,0.0,0.0,0.0,,0
1294,E11_I2_P93,,0.0,0.0,0.0,,0
1295,E11_I2_P94,,0.0,0.0,0.0,,0
1296,E11_I2_P95,,8.936718514227324e-06,3.426005465424509e-06,3.2814679099783974e-06,,3
1297,E11_I2_P96,,2.623899464802551e-06,1.0488199911387902e-06,9.269292410025296e-07,,1
1298,E11_I2_P97,,0.0,0.0,0.0,,0
1299,E11_I2_P98,,0.0,0.0,0.0,,0
1300,E11_I2_P99,,0.0,0.0,0.0,,0
1301,E12_I2_P0,,2.5745468403765694e-06,1.0172334875740766e-06,8.743295531695103e-07,,1
1302,E12_I2_P1,,0.0,0.0,0.0,,0
1303,E12_I2_P2,,5.263722303030158e-06,2.1217415884571577e-06,1.8950304720899912e-06,,2
1304,E12_I2_P3,,4.897338453733123e-06,2.005886475636639e-06,1.702337010806861e-06,,2
1305,E12_I2_P4,,0.0,0.0,0.0,,0
1306,E12_I2_P5,,0.0,0.0,0.0,,0
1307,E12_I2_P6,,2.333139058558941e-06,9.617013843299138e-07,7.864943195447771e-07,,1
1308,E12_I2_P7,,0.0,0.0,0.0,,0
1309,E12_I2_P8,,0.0,0.0,0.0,,0
1310,E12_I2_P9,,0.0,0.0,0.0,,0
1311,E12_I2_P10,,0.0,0.0,0.0,,0
1312,E12_I2_P11,,4.144478498904553e-05,1.739505256174986e-05,1.589586618065056e-05,,16
1313,E12_I2_P12,,0.0,0.0,0.0,,0
1314,E12_I2_P13,,0.0,0.0,0.0,,0
1315,E12_I2_P14,,0.0,0.0,0.0,,0
1316,E12_I2_P15,,2.6202735388734676e-06,1.0322269045416482e-06,8.990541949868739e-07,,1
1317,E12_I2_P16,,2.408694122056024e-05,1.011071589239543e-05,8.64294523916326e-06,,10
1318,E12_I2_P17,,0.0,0.0,0.0,,0
1319,E12_I2_P18,,0.0,0.0,0.0,,0
1320,E12_I2_P19,,0.0,0.0,0.0,,0
1321,E12_I2_P20,,0.0,0.0,0.0,,0
1322,E12_I2_P21,,0.0,0.0,0.0,,0
1323,E12_I2_P22,,2.7159119153299225e-06,1.0772867438550375e-06,9.760263527115233e-07,,1
1324,E12_I2_P23,,0.0,0.0,0.0,,0
1325,E12_I2_P24,,0.0,0.0,0.0,,0
1326,E12_I2_P25,,0.0,0.0,0.0,,0
1327,E12_I2_P26,,0.0,0.0,0.0,,0
1328,E12_I2_P27,,0.0,0.0,0.0,,0
1329,E12_I2_P28,,0.0,0.0,0.0,,0
1330,E12_I2_P29,,0.0,0.0,0.0,,0
1331,E12_I2_P30,,0.0,0.0,0.0,,0
1332,E12_I2_P31,,0.0,0.0,0.0,,0
1333,E12_I2_P32,,0.0,0.0,0.0,,0
1334,E12_I2_P33,,0.0,0.0,0.0,,0
1335,E12_I2_P34,,0.0,0.0,0.0,,0
1336,E12_I2_P35,,0.0,0.0,0.0,,0
1337,E12_I2_P36,,0.0,0.0,0.0,,0
1338,E12_I2_P37,,0.0,0.0,0.0,,0
1339,E12_I2_P38,,0.0,0.0,0.0,,0
1340,E12_I2_P39,,3.0703373937316095e-06,1.1598001363910638e-06,1.127772063732655e-06,,1
1341,E12_I2_P40,,0.0,0.0,0.0,,0
1342,E12_I2_P41,,0.0,0.0,0.0,,0
1343,E12_I2_P42,,0.0,0.0,0.0,,0
1344,E12_I2_P43,,2.63787805118474e-06,1.040841939261094e-06,9.134591120857721e-07,,1
1345,E12_I2_P44,,0.0,0.0,0.0,,0
1346,E12_I2_P45,,0.0,0.0,0.0,,0
1347,E12_I2_P46,,0.0,0.0,0.0,,0
1348,E12_I2_P47,,0.0,0.0,0.0,,0
1349,E12_I2_P48,,0.0,0.0,0.0,,0
1350,E12_I2_P49,,2.571759261829277e-06,1.0301605801544815e-06,8.95620772669953e-07,,1
1351,E12_I2_P50,,0.0,0.0,0.0,,0
1352,E12_I2_P51,,5.988866962579316e-06,2.2777089395904414e-06,2.1757801939816833e-06,,2
1353,E12_I2_P52,,2.582660612295492e-06,1.0350412903165935e-06,9.037440307706767e-07,,1
1354,E12_I2_P53,,5.624443733999525e-06,2.195124050506254e-06,2.023991893912465e-06,,2
1355,E12_I2_P54,,0.0,0.0,0.0,,0
1356,E12_I2_P55,,0.0,0.0,0.0,,0
1357,E12_I2_P56,,1.3680984517160123e-05,5.503716631426628e-06,5.088582036084153e-06,,5
1358,E12_I2_P57,,0.0,0.0,0.0,,0
1359,E12_I2_P58,,0.0,0.0,0.0,,0
1360,E12_I2_P59,,0.0,0.0,0.0,,0
1361,E12_I2_P60,,0.0,0.0,0.0,,0
1362,E12_I2_P61,,0.0,0.0,0.0,,0
1363,E12_I2_P62,,0.0,0.0,0.0,,0
1364,E12_I2_P63,,0.0,0.0,0.0,,0
1365,E12_I2_P64,,0.0,0.0,0.0,,0
1366,E12_I2_P65,,0.0,0.0,0.0,,0
1367,E12_I2_P66,,2.6273343584125602e-06,1.0447320394325007e-06,9.200114449423751e-07,,1
1368,E12_I2_P67,,0.0,0.0,0.0,,0
1369,E12_I2_P68,,0.0,0.0,0.0,,0
1370,E12_I2_P69,,3.199370326658475e-06,1.198440299380795e-06,1.2038605399796064e-06,,1
1371,E12_I2_P70,,2.75693421133681e-06,1.0856256045969028e-06,9.907182087814786e-07,,1
1372,E12_I2_P71,,0.0,0.0,0.0,,0
1373,E12_I2_P72,,2.571063725372513e-06,1.0126848283344741e-06,8.669147198651775e-07,,1
1374,E12_I2_P73,,0.0,0.0,0.0,,0
1375,E12_I2_P74,,0.0,0.0,0.0,,0
1376,E12_I2_P75,,0.0,0.0,0.0,,0
1377,E12_I2_P76,,2.7145550109708424e-06,1.0751767959154413e-06,9.723313394058667e-07,,1
1378,E12_I2_P77,,0.0,0.0,0.0,,0
1379,E12_I2_P78,,7.589688156999809e-06,3.0473582204162776e-06,2.6158973312615426e-06,,3
1380,E12_I2_P79,,0.0,0.0,0.0,,0
1381,E12_I2_P80,,0.0,0.0,0.0,,0
1382,E12_I2_P81,,5.022570921263388e-06,2.0241926620541147e-06,1.731916625533647e-06,,2
1383,E12_I2_P82,,0.0,0.0,0.0,,0
1384,E12_I2_P83,,2.575743349934734e-06,1.0262528957722538e-06,8.89150496723925e-07,,1
1385,E12_I2_P84,,0.0,0.0,0.0,,0
1386,E12_I2_P85,,0.0,0.0,0.0,,0
1387,E12_I2_P86,,0.0,0.0,0.0,,0
1388,E12_I2_P87,,0.0,0.0,0.0,,0
1389,E12_I2_P88,,5.033251212584388e-06,2.0207260828591607e-06,1.7262905856311341e-06,,2
1390,E12_I2_P89,,2.4974926479301005e-06,1.0114428212612957e-06,8.64897029684131e-07,,1
1391,E12_I2_P90,,1.3800655812300016e-05,5.471968806574261e-06,5.031598438191845e-06,,5
1392,E12_I2_P91,,0.0,0.0,0.0,,0
1393,E12_I2_P92,,0.0,0.0,0.0,,0
1394,E12_I2_P93,,0.0,0.0,0.0,,0
1395,E12_I2_P94,,0.0,0.0,0.0,,0
1396,E12_I2_P95,,2.5212238289534573e-06,1.0249671627017679e-06,8.870281010502412e-07,,1
1397,E12_I2_P96,,0.0,0.0,0.0,,0
1398,E12_I2_P97,,0.0,0.0,0.0,,0
1399,E12_I2_P98,,0.0,0.0,0.0,,0
1400,E12_I2_P99,,6.605689095367462e-06,2.4384777095073253e-06,2.492394303009722e-06,,2
1401,E13_I2_P0,,0.0,0.0,0.0,,0
1402,E13_I2_P1,,0.0,0.0,0.0,,0
1403,E13_I2_P2,,0.0,0.0,0.0,,0
1404,E13_I2_P3,,0.0,0.0,0.0,,0
1405,E13_I2_P4,,0.0,0.0,0.0,,0
1406,E13_I2_P5,,0.0,0.0,0.0,,0
1407,E13_I2_P6,,0.0,0.0,0.0,,0
1408,E13_I2_P7,,0.0,0.0,0.0,,0
1409,E13_I2_P8,,0.0,0.0,0.0,,0
1410,E13_I2_P9,,0.0,0.0,0.0,,0
1411,E13_I2_P10,,0.0,0.0,0.0,,0
1412,E13_I2_P11,,0.0,0.0,0.0,,0
1413,E13_I2_P12,,0.0,0.0,0.0,,0
1414,E13_I2_P13,,0.0,0.0,0.0,,0
1415,E13_I2_P14,,7.901433247357999e-06,3.169001329840384e-06,2.8191924986926e-06,,3
1416,E13_I2_P15,,0.0,0.0,0.0,,0
1417,E13_I2_P16,,0.0,0.0,0.0,,0
1418,E13_I2_P17,,0.0,0.0,0.0,,0
1419,E13_I2_P18,,0.0,0.0,0.0,,0
1420,E13_I2_P19,,2.4408858593135926e-06,9.976264328921827e-07,8.426509461706149e-07,,1
1421,E13_I2_P20,,2.4691848521263677e-06,9.981079410702526e-07,8.434201107199751e-07,,1
1422,E13_I2_P21,,0.0,0.0,0.0,,0
1423,E13_I2_P22,,0.0,0.0,0.0,,0
1424,E13_I2_P23,,0.0,0.0,0.0,,0
1425,E13_I2_P24,,0.0,0.0,0.0,,0
1426,E13_I2_P25,,0.0,0.0,0.0,,0
1427,E13_I2_P26,,0.0,0.0,0.0,,0
1428,E13_I2_P27,,0.0,0.0,0.0,,0
1429,E13_I2_P28,,5.865814486403844e-06,2.298803790818106e-06,2.2157098815952337e-06,,2
1430,E13_I2_P29,,0.0,0.0,0.0,,0
1431,E13_I2_P30,,2.8252258765734785e-06,1.110387029982666e-06,1.0351854353549988e-06,,1
1432,E13_I2_P31,,2.766222529761244e-06,1.09522644306836e-06,1.0078095159390114e-06,,1
1433,E13_I2_P32,,0.0,0.0,0.0,,0
1434,E13_I2_P33,,0.0,0.0,0.0,,0
1435,E13_I2_P34,,0.0,0.0,0.0,,0
1436,E13_I2_P35,,0.0,0.0,0.0,,0
1437,E13_I2_P36,,0.0,0.0,0.0,,0
1438,E13_I2_P37,,5.332995672645517e-06,2.1220605201998523e-06,1.8955791776314074e-06,,2
1439,E13_I2_P38,,0.0,0.0,0.0,,0
1440,E13_I2_P39,,6.213936183069585e-06,2.3698656860851838e-06,2.3537733045623777e-06,,2
1441,E13_I2_P40,,0.0,0.0,0.0,,0
1442,E13_I2_P41,,0.0,0.0,0.0,,0
1443,E13_I2_P42,,0.0,0.0,0.0,,0
1444,E13_I2_P43,,0.0,0.0,0.0,,0
1445,E13_I2_P44,,0.0,0.0,0.0,,0
1446,E13_I2_P45,,0.0,0.0,0.0,,0
1447,E13_I2_P46,,0.0,0.0,0.0,,0
1448,E13_I2_P47,,2.4941554698682184e-06,1.0184209026926107e-06,8.762717441356609e-07,,1
1449,E13_I2_P48,,2.3826896862102206e-06,9.814876839751619e-07,8.171244776787128e-07,,1
1450,E13_I2_P49,,0.0,0.0,0.0,,0
1451,E13_I2_P50,,0.0,0.0,0.0,,0
1452,E13_I2_P51,,0.0,0.0,0.0,,0
1453,E13_I2_P52,,0.0,0.0,0.0,,0
1454,E13_I2_P53,,0.0,0.0,0.0,,0
1455,E13_I2_P54,,0.0,0.0,0.0,,0
1456,E13_I2_P55,,0.0,0.0,0.0,,0
1457,E13_I2_P56,,0.0,0.0,0.0,,0
1458,E13_I2_P57,,5.384069549443393e-06,2.1299788709304866e-06,1.909234969547702e-06,,2
1459,E13_I2_P58,,0.0,0.0,0.0,,0
1460,E13_I2_P59,,2.7415060260542245e-06,1.0794501904038358e-06,9.798244350577265e-07,,1
1461,E13_I2_P60,,0.0,0.0,0.0,,0
1462,E13_I2_P61,,0.0,0.0,0.0,,0
1463,E13_I2_P62,,0.0,0.0,0.0,,0
1464,E13_I2_P63,,0.0,0.0,0.0,,0
1465,E13_I2_P64,,0.0,0.0,0.0,,0
1466,E13_I2_P65,,0.0,0.0,0.0,,0
1467,E13_I2_P66,,0.0,0.0,0.0,,0
1468,E13_I2_P67,,0.0,0.0,0.0,,0
1469,E13_I2_P68,,0.0,0.0,0.0,,0
1470,E13_I2_P69,,0.0,0.0,0.0,,0
1471,E13_I2_P70,,0.0,0.0,0.0,,0
1472,E13_I2_P71,,0.0,0.0,0.0,,0
1473,E13_I2_P72,,0.0,0.0,0.0,,0
1474,E13_I2_P73,,0.0,0.0,0.0,,0
1475,E13_I2_P74,,0.0,0.0,0.0,,0
1476,E13_I2_P75,,0.0,0.0,0.0,,0
1477,E13_I2_P76,,0.0,0.0,0.0,,0
1478,E13_I2_P77,,3.0620837889304538e-06,1.15756604532229e-06,1.1234730596777654e-06,,1
1479,E13_I2_P78,,2.372698693990573e-06,9.844875135587074e-07,8.218321350335945e-07,,1
1480,E13_I2_P79,,0.0,0.0,0.0,,0
1481,E13_I2_P80,,0.0,0.0,0.0,,0
1482,E13_I2_P81,,0.0,0.0,0.0,,0
1483,E13_I2_P82,,0.0,0.0,0.0,,0
1484,E13_I2_P83,,2.8383356317824778e-06,1.1158679680728934e-06,1.0452002054863604e-06,,1
1485,E13_I2_P84,,0.0,0.0,0.0,,0
1486,E13_I2_P85,,2.852289229756733e-06,1.1215818193040963e-06,1.055707577446708e-06,,1
1487,E13_I2_P86,,0.0,0.0,0.0,,0
1488,E13_I2_P87,,0.0,0.0,0.0,,0
1489,E13_I2_P88,,0.0,0.0,0.0,,0
1490,E13_I2_P89,,7.645990986025677e-06,3.0639531931159475e-06,2.643064104216018e-06,,3
1491,E13_I2_P90,,2.8173962357706775e-06,1.0882556713215005e-06,9.95381430164039e-07,,1
1492,E13_I2_P91,,0.0,0.0,0.0,,0
1493,E13_I2_P92,,0.0,0.0,0.0,,0
1494,E13_I2_P93,,0.0,0.0,0.0,,0
1495,E13_I2_P94,,0.0,0.0,0.0,,0
1496,E13_I2_P95,,0.0,0.0,0.0,,0
1497,E13_I2_P96,,3.028956842942315e-06,1.1543972354495656e-06,1.1173939690895307e-06,,1
1498,E13_I2_P97,,2.5576104275917128e-06,1.0358308707721754e-06,9.050625579240038e-07,,1
1499,E13_I2_P98,,0.0,0.0,0.0,,0
1500,E13_I2_P99,,2.79476009993853e-05,1.0765430961379258e-05,1.0793486131119871e-05,,9
1501,E14_I2_P0,,2.615264097221398e-06,1.052916748689615e-06,9.338951646643955e-07,,1
1502,E14_I2_P1,,0.0,0.0,0.0,,0
1503,E14_I2_P2,,0.0,0.0,0.0,,0
1504,E14_I2_P3,,2.136794795628719e-05,8.951794780998594e-06,7.541067396195114e-06,,9
1505,E14_I2_P4,,0.0,0.0,0.0,,0
1506,E14_I2_P5,,0.0,0.0,0.0,,0
1507,E14_I2_P6,,0.0,0.0,0.0,,0
1508,E14_I2_P7,,0.0,0.0,0.0,,0
1509,E14_I2_P8,,0.0,0.0,0.0,,0
1510,E14_I2_P9,,0.0,0.0,0.0,,0
1511,E14_I2_P10,,0.0,0.0,0.0,,0
1512,E14_I2_P11,,0.0,0.0,0.0,,0
1513,E14_I2_P12,,0.0,0.0,0.0,,0
1514,E14_I2_P13,,0.0,0.0,0.0,,0
1515,E14_I2_P14,,0.0,0.0,0.0,,0
1516,E14_I2_P15,,0.0,0.0,0.0,,0
1517,E14_I2_P16,,0.0,0.0,0.0,,0
1518,E14_I2_P17,,3.005049362815355e-06,1.1439997829440494e-06,1.0975996593050657e-06,,1
1519,E14_I2_P18,,0.0,0.0,0.0,,0
1520,E14_I2_P19,,0.0,0.0,0.0,,0
1521,E14_I2_P20,,1.0540219904100198e-05,4.2261470727832714e-06,3.7603129520454338e-06,,4
1522,E14_I2_P21,,0.0,0.0,0.0,,0
1523,E14_I2_P22,,0.0,0.0,0.0,,0
1524,E14_I2_P23,,5.75911826094192e-06,2.229360606481746e-06,2.0860495436766623e-06,,2
1525,E14_I2_P24,,0.0,0.0,0.0,,0
1526,E14_I2_P25,,0.0,0.0,0.0,,0
1527,E14_I2_P26,,0.0,0.0,0.0,,0
1528,E14_I2_P27,,0.0,0.0,0.0,,0
1529,E14_I2_P28,,2.1012864143695506e-05,8.532880939158254e-06,7.65937239102628e-06,,8
1530,E14_I2_P29,,2.662412792243999e-06,1.066775294634734e-06,9.57707631014404e-07,,1
1531,E14_I2_P30,,5.12102845087098e-06,2.082594510656911e-06,1.8284489747315209e-06,,2
1532,E14_I2_P31,,6.324870047391803e-06,2.4037894840910685e-06,2.4216490582509523e-06,,2
1533,E14_I2_P32,,0.0,0.0,0.0,,0
1534,E14_I2_P33,,5.209752246840377e-06,2.1279253764012015e-06,1.9056875244166215e-06,,2
1535,E14_I2_P34,,7.456107915889035e-06,3.041593490543083e-06,2.6065016577350543e-06,,3
1536,E14_I2_P35,,5.422097840463064e-06,2.1581126218776965e-06,1.958264488097424e-06,,2
1537,E14_I2_P36,,0.0,0.0,0.0,,0
1538,E14_I2_P37,,1.1837556570878915e-05,4.582640285050551e-06,4.402979386076073e-06,,4
1539,E14_I2_P38,,0.0,0.0,0.0,,0
1540,E14_I2_P39,,0.0,0.0,0.0,,0
1541,E14_I2_P40,,2.835498500760841e-06,1.0970579267734138e-06,1.0110914201057046e-06,,1
1542,E14_I2_P41,,0.0,0.0,0.0,,0
1543,E14_I2_P42,,0.0,0.0,0.0,,0
1544,E14_I2_P43,,5.857538163584488e-06,2.241657151194923e-06,2.10863697705803e-06,,2
1545,E14_I2_P44,,0.0,0.0,0.0,,0
1546,E14_I2_P45,,0.0,0.0,0.0,,0
1547,E14_I2_P46,,0.0,0.0,0.0,,0
1548,E14_I2_P47,,0.0,0.0,0.0,,0
1549,E14_I2_P48,,0.0,0.0,0.0,,0
1550,E14_I2_P49,,0.0,0.0,0.0,,0
1551,E14_I2_P50,,0.0,0.0,0.0,,0
1552,E14_I2_P51,,0.0,0.0,0.0,,0
1553,E14_I2_P52,,0.0,0.0,0.0,,0
1554,E14_I2_P53,,2.3317672724168352e-06,9.628135563641233e-07,7.881967536146211e-07,,1
1555,E14_I2_P54,,0.0,0.0,0.0,,0
1556,E14_I2_P55,,2.977211062646273e-06,1.1285733579963872e-06,1.0686580753681795e-06,,1
1557,E14_I2_P56,,0.0,0.0,0.0,,0
1558,E14_I2_P57,,2.8454567236752283e-06,1.0942060854357442e-06,1.0059840963974201e-06,,1
1559,E14_I2_P58,,3.469579826131068e-05,1.451991073139811e-05,1.2701436850043663e-05,,14
1560,E14_I2_P59,,0.0,0.0,0.0,,0
1561,E14_I2_P60,,3.067323126189888e-06,1.1648602907566376e-06,1.1375493376476787e-06,,1
1562,E14_I2_P61,,0.0,0.0,0.0,,0
1563,E14_I2_P62,,1.1843149716229023e-05,4.91377269424349e-06,4.095552516655589e-06,,5
1564,E14_I2_P63,,0.0,0.0,0.0,,0
1565,E14_I2_P64,,0.0,0.0,0.0,,0
1566,E14_I2_P65,,5.032497641641526e-06,2.043388439955435e-06,1.763279700242451e-06,,2
1567,E14_I2_P66,,0.0,0.0,0.0,,0
1568,E14_I2_P67,,0.0,0.0,0.0,,0
1569,E14_I2_P68,,0.0,0.0,0.0,,0
1570,E14_I2_P69,,0.0,0.0,0.0,,0
1571,E14_I2_P70,,0.0,0.0,0.0,,0
1572,E14_I2_P71,,0.0,0.0,0.0,,0
1573,E14_I2_P72,,0.0,0.0,0.0,,0
1574,E14_I2_P73,,0.0,0.0,0.0,,0
1575,E14_I2_P74,,0.0,0.0,0.0,,0
1576,E14_I2_P75,,0.0,0.0,0.0,,0
1577,E14_I2_P76,,0.0,0.0,0.0,,0
1578,E14_I2_P77,,0.0,0.0,0.0,,0
1579,E14_I2_P78,,8.050205112778454e-06,3.202330708246544e-06,2.876596870837924e-06,,3
1580,E14_I2_P79,,2.8238830864403682e-06,1.101115343831781e-06,1.0183867175893973e-06,,1
1581,E14_I2_P80,,0.0,0.0,0.0,,0
1582,E14_I2_P81,,0.0,0.0,0.0,,0
1583,E14_I2_P82,,0.0,0.0,0.0,,0
1584,E14_I2_P83,,4.859956513380536e-05,2.053015393716745e-05,1.8652897555832297e-05,,19
1585,E14_I2_P84,,0.0,0.0,0.0,,0
1586,E14_I2_P85,,0.0,0.0,0.0,,0
1587,E14_I2_P86,,0.0,0.0,0.0,,0
1588,E14_I2_P87,,0.0,0.0,0.0,,0
1589,E14_I2_P88,,2.577120104573715e-06,1.0464450141304395e-06,9.229061854326181e-07,,1
1590,E14_I2_P89,,2.887229733519109e-06,1.1314972134305503e-06,1.0741046263834468e-06,,1
1591,E14_I2_P90,,0.0,0.0,0.0,,0
1592,E14_I2_P91,,8.37309271187541e-06,3.305693539903971e-06,3.059392756428741e-06,,3
1593,E14_I2_P92,,0.0,0.0,0.0,,0
1594,E14_I2_P93,,2.5862672803245033e-05,1.0334957443515774e-05,9.952311839104292e-06,,9
1595,E14_I2_P94,,0.0,0.0,0.0,,0
1596,E14_I2_P95,,0.0,0.0,0.0,,0
1597,E14_I2_P96,,0.0,0.0,0.0,,0
1598,E14_I2_P97,,0.0,0.0,0.0,,0
1599,E14_I2_P98,,0.0,0.0,0.0,,0
1600,E14_I2_P99,,2.5871906683047625e-06,1.0295986210394294e-06,8.946884582952159e-07,,1
1601,E15_I2_P0,,0.0,0.0,0.0,,0
1602,E15_I2_P1,,0.0,0.0,0.0,,0
1603,E15_I2_P2,,0.0,0.0,0.0,,0
1604,E15_I2_P3,,0.0,0.0,0.0,,0
1605,E15_I2_P4,,0.0,0.0,0.0,,0
1606,E15_I2_P5,,0.0,0.0,0.0,,0
1607,E15_I2_P6,,3.595774833866836e-05,1.4624278409417076e-05,1.3805004314063849e-05,,13
1608,E15_I2_P7,,0.0,0.0,0.0,,0
1609,E15_I2_P8,,0.0,0.0,0.0,,0
1610,E15_I2_P9,,0.0,0.0,0.0,,0
1611,E15_I2_P10,,0.0,0.0,0.0,,0
1612,E15_I2_P11,,0.0,0.0,0.0,,0
1613,E15_I2_P12,,5.771788826882686e-06,2.240247242414211e-06,2.1060390670246933e-06,,2
1614,E15_I2_P13,,0.0,0.0,0.0,,0
1615,E15_I2_P14,,0.0,0.0,0.0,,0
1616,E15_I2_P15,,0.0,0.0,0.0,,0
1617,E15_I2_P16,,2.868515680391338e-05,1.2310874449654565e-05,1.0662934639542827e-05,,12
1618,E15_I2_P17,,0.0,0.0,0.0,,0
1619,E15_I2_P18,,0.0,0.0,0.0,,0
1620,E15_I2_P19,,0.0,0.0,0.0,,0
1621,E15_I2_P20,,0.0,0.0,0.0,,0
1622,E15_I2_P21,,0.0,0.0,0.0,,0
1623,E15_I2_P22,,0.0,0.0,0.0,,0
1624,E15_I2_P23,,0.0,0.0,0.0,,0
1625,E15_I2_P24,,0.0,0.0,0.0,,0
1626,E15_I2_P25,,0.0,0.0,0.0,,0
1627,E15_I2_P26,,8.174744355255874e-06,3.185184710667479e-06,2.8469730626526244e-06,,3
1628,E15_I2_P27,,9.812700604391976e-06,4.0408429512335236e-06,3.451593557600625e-06,,4
1629,E15_I2_P28,,7.94493554401015e-06,3.201482906881026e-06,2.8751274639842366e-06,,3
1630,E15_I2_P29,,0.0,0.0,0.0,,0
1631,E15_I2_P30,,0.0,0.0,0.0,,0
1632,E15_I2_P31,,0.0,0.0,0.0,,0
1633,E15_I2_P32,,1.3411900656570812e-05,5.384271800936928e-06,4.876342060766537e-06,,5
1634,E15_I2_P33,,0.0,0.0,0.0,,0
1635,E15_I2_P34,,2.8022369717992345e-06,1.1003249684507196e-06,1.0169629418703982e-06,,1
1636,E15_I2_P35,,0.0,0.0,0.0,,0
1637,E15_I2_P36,,0.0,0.0,0.0,,0
1638,E15_I2_P37,,0.0,0.0,0.0,,0
1639,E15_I2_P38,,4.770700134081294e-06,1.9704005355606386e-06,1.6459063018460486e-06,,2
1640,E15_I2_P39,,0.0,0.0,0.0,,0
1641,E15_I2_P40,,2.6341258295107747e-06,1.0467085705379077e-06,9.233520819973583e-07,,1
1642,E15_I2_P41,,0.0,0.0,0.0,,0
1643,E15_I2_P42,,0.0,0.0,0.0,,0
1644,E15_I2_P43,,0.0,0.0,0.0,,0
1645,E15_I2_P44,,2.8288730412565935e-06,1.0970486659586438e-06,1.011074807908425e-06,,1
1646,E15_I2_P45,,0.0,0.0,0.0,,0
1647,E15_I2_P46,,0.0,0.0,0.0,,0
1648,E15_I2_P47,,0.0,0.0,0.0,,0
1649,E15_I2_P48,,2.7284418901602283e-06,1.0631772687617697e-06,9.514883656760087e-07,,1
1650,E15_I2_P49,,0.0,0.0,0.0,,0
1651,E15_I2_P50,,0.0,0.0,0.0,,0
1652,E15_I2_P51,,0.0,0.0,0.0,,0
1653,E15_I2_P52,,0.0,0.0,0.0,,0
1654,E15_I2_P53,,0.0,0.0,0.0,,0
1655,E15_I2_P54,,0.0,0.0,0.0,,0
1656,E15_I2_P55,,0.0,0.0,0.0,,0
1657,E15_I2_P56,,0.0,0.0,0.0,,0
1658,E15_I2_P57,,0.0,0.0,0.0,,0
1659,E15_I2_P58,,0.0,0.0,0.0,,0
1660,E15_I2_P59,,2.4644885441589273e-06,1.0125616507209854e-06,8.66714480415503e-07,,1
1661,E15_I2_P60,,0.0,0.0,0.0,,0
1662,E15_I2_P61,,1.3760269858765905e-05,5.518719117820788e-06,5.115654721953935e-06,,5
1663,E15_I2_P62,,0.0,0.0,0.0,,0
1664,E15_I2_P63,,0.0,0.0,0.0,,0
1665,E15_I2_P64,,6.010950491084407e-06,2.299151593387277e-06,2.2163722308506827e-06,,2
1666,E15_I2_P65,,0.0,0.0,0.0,,0
1667,E15_I2_P66,,0.0,0.0,0.0,,0
1668,E15_I2_P67,,0.0,0.0,0.0,,0
1669,E15_I2_P68,,0.0,0.0,0.0,,0
1670,E15_I2_P69,,2.8215891976372537e-06,1.0875490633995126e-06,9.941271936037858e-07,,1
1671,E15_I2_P70,,0.0,0.0,0.0,,0
1672,E15_I2_P71,,7.84128585825947e-06,3.185240802156471e-06,2.8470696535590745e-06,,3
1673,E15_I2_P72,,0.0,0.0,0.0,,0
1674,E15_I2_P73,,0.0,0.0,0.0,,0
1675,E15_I2_P74,,0.0,0.0,0.0,,0
1676,E15_I2_P75,,0.0,0.0,0.0,,0
1677,E15_I2_P76,,2.3649446559977365e-06,9.775779550282044e-07,8.110142219453961e-07,,1
1678,E15_I2_P77,,6.446149621857339e-06,2.4247815794691837e-06,2.464298475831393e-06,,2
1679,E15_I2_P78,,1.0320882257580755e-05,4.094402550489548e-06,3.539103443348576e-06,,4
1680,E15_I2_P79,,2.6639181398608026e-06,1.0672160951191432e-06,9.584713532081954e-07,,1
1681,E15_I2_P80,,0.0,0.0,0.0,,0
1682,E15_I2_P81,,0.0,0.0,0.0,,0
1683,E15_I2_P82,,0.0,0.0,0.0,,0
1684,E15_I2_P83,,0.0,0.0,0.0,,0
1685,E15_I2_P84,,0.0,0.0,0.0,,0
1686,E15_I2_P85,,0.0,0.0,0.0,,0
1687,E15_I2_P86,,3.384176675329086e-05,1.3763369954960741e-05,1.3238253256610301e-05,,12
1688,E15_I2_P87,,0.0,0.0,0.0,,0
1689,E15_I2_P88,,0.0,0.0,0.0,,0
1690,E15_I2_P89,,2.8947081495044304e-06,1.1191855001510899e-06,1.0512925642076935e-06,,1
1691,E15_I2_P90,,0.0,0.0,0.0,,0
1692,E15_I2_P91,,0.0,0.0,0.0,,0
1693,E15_I2_P92,,0.0,0.0,0.0,,0
1694,E15_I2_P93,,0.0,0.0,0.0,,0
1695,E15_I2_P94,,0.0,0.0,0.0,,0
1696,E15_I2_P95,,0.0,0.0,0.0,,0
1697,E15_I2_P96,,0.0,0.0,0.0,,0
1698,E15_I2_P97,,0.0,0.0,0.0,,0
1699,E15_I2_P98,,2.3503877026308325e-06,9.700606716542053e-07,7.993461348616832e-07,,1
1700,E15_I2_P99,,0.0,0.0,0.0,,0
1701,E16_I2_P0,,0.0,0.0,0.0,,0
1702,E16_I2_P1,,0.0,0.0,0.0,,0
1703,E16_I2_P2,,5.148955684470193e-05,2.301266766863831e-05,1.9488569106889717e-05,,23
1704,E16_I2_P3,,0.0,0.0,0.0,,0
1705,E16_I2_P4,,0.0,0.0,0.0,,0
1706,E16_I2_P5,,0.0,0.0,0.0,,0
1707,E16_I2_P6,,0.0,0.0,0.0,,0
1708,E16_I2_P7,,0.0,0.0,0.0,,0
1709,E16_I2_P8,,2.303719259013972e-06,9.511280131747494e-07,7.704229988214454e-07,,1
1710,E16_I2_P9,,1.0470284124996049e-05,4.218747127911071e-06,3.7476606399599e-06,,4
1711,E16_I2_P10,,0.0,0.0,0.0,,0
1712,E16_I2_P11,,0.0,0.0,0.0,,0
1713,E16_I2_P12,,0.0,0.0,0.0,,0
1714,E16_I2_P13,,0.0,0.0,0.0,,0
1715,E16_I2_P14,,2.530319169941633e-06,1.021220977960848e-06,8.808624700616869e-07,,1
1716,E16_I2_P15,,0.0,0.0,0.0,,0
1717,E16_I2_P16,,0.0,0.0,0.0,,0
1718,E16_I2_P17,,0.0,0.0,0.0,,0
1719,E16_I2_P18,,0.0,0.0,0.0,,0
1720,E16_I2_P19,,0.0,0.0,0.0,,0
1721,E16_I2_P20,,0.0,0.0,0.0,,0
1722,E16_I2_P21,,1.9420928414336228e-05,8.100613362364072e-06,6.933911159263272e-06,,8
1723,E16_I2_P22,,0.0,0.0,0.0,,0
1724,E16_I2_P23,,1.511277339671199e-05,6.150863609107212e-06,5.323918279629047e-06,,6
1725,E16_I2_P24,,0.0,0.0,0.0,,0
1726,E16_I2_P25,,0.0,0.0,0.0,,0
1727,E16_I2_P26,,0.0,0.0,0.0,,0
1728,E16_I2_P27,,0.0,0.0,0.0,,0
1729,E16_I2_P28,,0.0,0.0,0.0,,0
1730,E16_I2_P29,,0.0,0.0,0.0,,0
1731,E16_I2_P30,,0.0,0.0,0.0,,0
1732,E16_I2_P31,,2.9572230232449298e-06,1.1346800040320477e-06,1.0800541539152774e-06,,1
1733,E16_I2_P32,,0.0,0.0,0.0,,0
1734,E16_I2_P33,,0.0,0.0,0.0,,0
1735,E16_I2_P34,,0.0,0.0,0.0,,0
1736,E16_I2_P35,,0.0,0.0,0.0,,0
1737,E16_I2_P36,,0.0,0.0,0.0,,0
1738,E16_I2_P37,,0.0,0.0,0.0,,0
1739,E16_I2_P38,,0.0,0.0,0.0,,0
1740,E16_I2_P39,,0.0,0.0,0.0,,0
1741,E16_I2_P40,,8.700729293363277e-06,3.371690904719777e-06,3.179953572677839e-06,,3
1742,E16_I2_P41,,4.711817664571243e-06,1.9642342273404657e-06,1.6362216941316705e-06,,2
1743,E16_I2_P42,,0.0,0.0,0.0,,0
1744,E16_I2_P43,,0.0,0.0,0.0,,0
1745,E16_I2_P44,,0.0,0.0,0.0,,0
1746,E16_I2_P45,,5.465396009663586e-06,2.1568721904400385e-06,1.9560858721697884e-06,,2
1747,E16_I2_P46,,1.2742134338158223e-05,4.838010670675987e-06,4.90502642582987e-06,,4
1748,E16_I2_P47,,0.0,0.0,0.0,,0
1749,E16_I2_P48,,0.0,0.0,0.0,,0
1750,E16_I2_P49,,2.66663005667394e-06,1.0526540737651478e-06,9.334475250805682e-07,,1
1751,E16_I2_P50,,0.0,0.0,0.0,,0
1752,E16_I2_P51,,0.0,0.0,0.0,,0
1753,E16_I2_P52,,3.003962197636458e-06,1.1569517516655505e-06,1.122292889264483e-06,,1
1754,E16_I2_P53,,0.0,0.0,0.0,,0
1755,E16_I2_P54,,0.0,0.0,0.0,,0
1756,E16_I2_P55,,8.136763689945393e-06,3.232517269853896e-06,2.9292312379077673e-06,,3
1757,E16_I2_P56,,0.0,0.0,0.0,,0
1758,E16_I2_P57,,0.0,0.0,0.0,,0
1759,E16_I2_P58,,2.5196347776854913e-06,1.0276583293429739e-06,8.914741639643856e-07,,1
1760,E16_I2_P59,,0.0,0.0,0.0,,0
1761,E16_I2_P60,,2.6132506156256458e-06,1.038915036752747e-06,9.102245523970763e-07,,1
1762,E16_I2_P61,,0.0,0.0,0.0,,0
1763,E16_I2_P62,,0.0,0.0,0.0,,0
1764,E16_I2_P63,,0.0,0.0,0.0,,0
1765,E16_I2_P64,,0.0,0.0,0.0,,0
1766,E16_I2_P65,,0.0,0.0,0.0,,0
1767,E16_I2_P66,,2.4841421347755754e-06,1.0058330117927783e-06,8.55820553258034e-07,,1
1768,E16_I2_P67,,0.0,0.0,0.0,,0
1769,E16_I2_P68,,0.0,0.0,0.0,,0
1770,E16_I2_P69,,0.0,0.0,0.0,,0
1771,E16_I2_P70,,0.0,0.0,0.0,,0
1772,E16_I2_P71,,0.0,0.0,0.0,,0
1773,E16_I2_P72,,1.3918396678934462e-05,5.488524201616338e-06,5.061261509308672e-06,,5
1774,E16_I2_P73,,0.0,0.0,0.0,,0
1775,E16_I2_P74,,0.0,0.0,0.0,,0
1776,E16_I2_P75,,0.0,0.0,0.0,,0
1777,E16_I2_P76,,0.0,0.0,0.0,,0
1778,E16_I2_P77,,2.6322971564988893e-06,1.0512770079319507e-06,9.311030312059181e-07,,1
1779,E16_I2_P78,,2.5759349508341827e-06,1.036377810906748e-06,9.059766144786389e-07,,1
1780,E16_I2_P79,,0.0,0.0,0.0,,0
1781,E16_I2_P80,,2.565420993547749e-06,1.0266170171350321e-06,8.897521461933956e-07,,1
1782,E16_I2_P81,,0.0,0.0,0.0,,0
1783,E16_I2_P82,,0.0,0.0,0.0,,0
1784,E16_I2_P83,,0.0,0.0,0.0,,0
1785,E16_I2_P84,,0.0,0.0,0.0,,0
1786,E16_I2_P85,,1.7732728616271286e-05,7.238884278344833e-06,6.315523556902868e-06,,7
1787,E16_I2_P86,,0.0,0.0,0.0,,0
1788,E16_I2_P87,,0.0,0.0,0.0,,0
1789,E16_I2_P88,,2.532885791568181e-06,1.0219833627260181e-06,8.821150295640853e-07,,1
1790,E16_I2_P89,,5.8997425802314e-05,2.5201581726614346e-05,2.3199983860880792e-05,,23
1791,E16_I2_P90,,0.0,0.0,0.0,,0
1792,E16_I2_P91,,0.0,0.0,0.0,,0
1793,E16_I2_P92,,7.970558371352625e-06,3.199190587794559e-06,2.871156836942218e-06,,3
1794,E16_I2_P93,,1.2831977422798736e-05,5.180931879609194e-06,4.528283090145664e-06,,5
1795,E16_I2_P94,,0.0,0.0,0.0,,0
1796,E16_I2_P95,,0.0,0.0,0.0,,0
1797,E16_I2_P96,,0.0,0.0,0.0,,0
1798,E16_I2_P97,,7.049790166752391e-06,2.9225668879749743e-06,2.4172227118217298e-06,,3
1799,E16_I2_P98,,0.0,0.0,0.0,,0
1800,E16_I2_P99,,0.0,0.0,0.0,,0
1801,E17_I2_P0,,0.0,0.0,0.0,,0
1802,E17_I2_P1,,0.0,0.0,0.0,,0
1803,E17_I2_P2,,0.0,0.0,0.0,,0
1804,E17_I2_P3,,0.0,0.0,0.0,,0
1805,E17_I2_P4,,0.0,0.0,0.0,,0
1806,E17_I2_P5,,1.1725019366395986e-05,4.877369114975544e-06,4.038688209837316e-06,,5
1807,E17_I2_P6,,0.0,0.0,0.0,,0
1808,E17_I2_P7,,8.364086308148435e-06,3.2768041484391687e-06,3.00756854624663e-06,,3
1809,E17_I2_P8,,3.0159037248243915e-06,1.1370959262663213e-06,1.0845845824132442e-06,,1
1810,E17_I2_P9,,0.0,0.0,0.0,,0
1811,E17_I2_P10,,3.1257139177253516e-06,1.1845786665010788e-06,1.1761848445054232e-06,,1
1812,E17_I2_P11,,0.0,0.0,0.0,,0
1813,E17_I2_P12,,0.0,0.0,0.0,,0
1814,E17_I2_P13,,0.0,0.0,0.0,,0
1815,E17_I2_P14,,0.0,0.0,0.0,,0
1816,E17_I2_P15,,0.0,0.0,0.0,,0
1817,E17_I2_P16,,0.0,0.0,0.0,,0
1818,E17_I2_P17,,2.7347969504137224e-06,1.0978087365467064e-06,1.012438823384097e-06,,1
1819,E17_I2_P18,,0.0,0.0,0.0,,0
1820,E17_I2_P19,,2.7973723235798607e-06,1.0989384207967427e-06,1.0144683475730875e-06,,1
1821,E17_I2_P20,,5.923939412908657e-05,2.5127135735128864e-05,2.3066893992578478e-05,,23
1822,E17_I2_P21,,0.0,0.0,0.0,,0
1823,E17_I2_P22,,0.0,0.0,0.0,,0
1824,E17_I2_P23,,0.0,0.0,0.0,,0
1825,E17_I2_P24,,0.0,0.0,0.0,,0
1826,E17_I2_P25,,0.0,0.0,0.0,,0
1827,E17_I2_P26,,0.0,0.0,0.0,,0
1828,E17_I2_P27,,0.0,0.0,0.0,,0
1829,E17_I2_P28,,5.715026338358938e-06,2.220666992653527e-06,2.07017585626355e-06,,2
1830,E17_I2_P29,,0.0,0.0,0.0,,0
1831,E17_I2_P30,,0.0,0.0,0.0,,0
1832,E17_I2_P31,,0.0,0.0,0.0,,0
1833,E17_I2_P32,,0.0,0.0,0.0,,0
1834,E17_I2_P33,,0.0,0.0,0.0,,0
1835,E17_I2_P34,,2.7065884435248828e-06,1.0605774730843124e-06,9.470107251332148e-07,,1
1836,E17_I2_P35,,2.9834924012627058e-06,1.1457036853133887e-06,1.100827547108539e-06,,1
1837,E17_I2_P36,,0.0,0.0,0.0,,0
1838,E17_I2_P37,,0.0,0.0,0.0,,0
1839,E17_I2_P38,,1.0168541291728557e-05,4.0903107859819146e-06,3.532369084882388e-06,,4
1840,E17_I2_P39,,0.0,0.0,0.0,,0
1841,E17_I2_P40,,0.0,0.0,0.0,,0
1842,E17_I2_P41,,0.0,0.0,0.0,,0
1843,E17_I2_P42,,0.0,0.0,0.0,,0
1844,E17_I2_P43,,0.0,0.0,0.0,,0
1845,E17_I2_P44,,0.0,0.0,0.0,,0
1846,E17_I2_P45,,1.1061267032362964e-05,4.321020357502705e-06,3.924959677172066e-06,,4
1847,E17_I2_P46,,2.4656844737973933e-06,1.008262941981286e-06,8.597446902167932e-07,,1
1848,E17_I2_P47,,0.0,0.0,0.0,,0
1849,E17_I2_P48,,4.0064117370693874e-05,1.670300236328846e-05,1.4698735633134258e-05,,16
1850,E17_I2_P49,,0.0,0.0,0.0,,0
1851,E17_I2_P50,,0.0,0.0,0.0,,0
1852,E17_I2_P51,,2.794570502785332e-05,1.1156685013891408e-05,1.0448346379399832e-05,,10
1853,E17_I2_P52,,0.0,0.0,0.0,,0
1854,E17_I2_P53,,0.0,0.0,0.0,,0
1855,E17_I2_P54,,0.0,0.0,0.0,,0
1856,E17_I2_P55,,0.0,0.0,0.0,,0
1857,E17_I2_P56,,0.0,0.0,0.0,,0
1858,E17_I2_P57,,0.0,0.0,0.0,,0
1859,E17_I2_P58,,0.0,0.0,0.0,,0
1860,E17_I2_P59,,0.0,0.0,0.0,,0
1861,E17_I2_P60,,2.9495848365393827e-06,1.1344492748910934e-06,1.0796221322537114e-06,,1
1862,E17_I2_P61,,0.0,0.0,0.0,,0
1863,E17_I2_P62,,0.0,0.0,0.0,,0
1864,E17_I2_P63,,1.4821904392151354e-05,5.770386919409764e-06,5.583907847652009e-06,,5
1865,E17_I2_P64,,2.8730254124837987e-06,1.1185885293222748e-06,1.0501945747998461e-06,,1
1866,E17_I2_P65,,0.0,0.0,0.0,,0
1867,E17_I2_P66,,1.9068268632715032e-05,7.609803785823455e-06,6.953498478922208e-06,,7
1868,E17_I2_P67,,0.0,0.0,0.0,,0
1869,E17_I2_P68,,0.0,0.0,0.0,,0
1870,E17_I2_P69,,0.0,0.0,0.0,,0
1871,E17_I2_P70,,0.0,0.0,0.0,,0
1872,E17_I2_P71,,0.0,0.0,0.0,,0
1873,E17_I2_P72,,0.0,0.0,0.0,,0
1874,E17_I2_P73,,0.0,0.0,0.0,,0
1875,E17_I2_P74,,0.0,0.0,0.0,,0
1876,E17_I2_P75,,0.0,0.0,0.0,,0
1877,E17_I2_P76,,0.0,0.0,0.0,,0
1878,E17_I2_P77,,0.0,0.0,0.0,,0
1879,E17_I2_P78,,0.0,0.0,0.0,,0
1880,E17_I2_P79,,0.0,0.0,0.0,,0
1881,E17_I2_P80,,0.0,0.0,0.0,,0
1882,E17_I2_P81,,0.0,0.0,0.0,,0
1883,E17_I2_P82,,0.0,0.0,0.0,,0
1884,E17_I2_P83,,6.50836243861153e-05,2.828184310679818e-05,2.4965568320358177e-05,,27
1885,E17_I2_P84,,0.0,0.0,0.0,,0
1886,E17_I2_P85,,2.7311342928701827e-06,1.0675780457725949e-06,9.590987540827636e-07,,1
1887,E17_I2_P86,,2.8328039409364048e-06,1.1072325458040174e-06,1.0294499906062688e-06,,1
1888,E17_I2_P87,,0.0,0.0,0.0,,0
1889,E17_I2_P88,,0.0,0.0,0.0,,0
1890,E17_I2_P89,,0.0,0.0,0.0,,0
1891,E17_I2_P90,,0.0,0.0,0.0,,0
1892,E17_I2_P91,,0.0,0.0,0.0,,0
1893,E17_I2_P92,,0.0,0.0,0.0,,0
1894,E17_I2_P93,,0.0,0.0,0.0,,0
1895,E17_I2_P94,,0.0,0.0,0.0,,0
1896,E17_I2_P95,,2.3351417868080174e-06,9.545090447795068e-07,7.755397853848752e-07,,1
1897,E17_I2_P96,,7.448660564956716e-06,3.039353283193491e-06,2.602856200871089e-06,,3
1898,E17_I2_P97,,0.0,0.0,0.0,,0
1899,E17_I2_P98,,0.0,0.0,0.0,,0
1900,E17_I2_P99,,2.4070582100345945e-06,9.810681826651127e-07,8.164674962248584e-07,,1
1901,E18_I2_P0,,0.0,0.0,0.0,,0
1902,E18_I2_P1,,1.0617647383954644e-05,4.2218168330527985e-06,3.752905863282109e-06,,4
1903,E18_I2_P2,,3.0259554423185977e-06,1.1611602994001308e-06,1.130394702744344e-06,,1
1904,E18_I2_P3,,2.77754571860428e-06,1.087972883419762e-06,9.948793559549002e-07,,1
1905,E18_I2_P4,,0.0,0.0,0.0,,0
1906,E18_I2_P5,,0.0,0.0,0.0,,0
1907,E18_I2_P6,,0.0,0.0,0.0,,0
1908,E18_I2_P7,,0.0,0.0,0.0,,0
1909,E18_I2_P8,,0.0,0.0,0.0,,0
1910,E18_I2_P9,,0.0,0.0,0.0,,0
1911,E18_I2_P10,,0.0,0.0,0.0,,0
1912,E18_I2_P11,,0.0,0.0,0.0,,0
1913,E18_I2_P12,,0.0,0.0,0.0,,0
1914,E18_I2_P13,,0.0,0.0,0.0,,0
1915,E18_I2_P14,,0.0,0.0,0.0,,0
1916,E18_I2_P15,,7.979493758084846e-06,3.20674462559318e-06,2.88425485275879e-06,,3
1917,E18_I2_P16,,0.0,0.0,0.0,,0
1918,E18_I2_P17,,0.0,0.0,0.0,,0
1919,E18_I2_P18,,0.0,0.0,0.0,,0
1920,E18_I2_P19,,0.0,0.0,0.0,,0
1921,E18_I2_P20,,0.0,0.0,0.0,,0
1922,E18_I2_P21,,0.0,0.0,0.0,,0
1923,E18_I2_P22,,0.0,0.0,0.0,,0
1924,E18_I2_P23,,0.0,0.0,0.0,,0
1925,E18_I2_P24,,0.0,0.0,0.0,,0
1926,E18_I2_P25,,0.0,0.0,0.0,,0
1927,E18_I2_P26,,2.918227963676134e-06,1.112420600290001e-06,1.038893848164106e-06,,1
1928,E18_I2_P27,,0.0,0.0,0.0,,0
1929,E18_I2_P28,,0.0,0.0,0.0,,0
1930,E18_I2_P29,,6.2865811955417866e-06,2.3701746319677603e-06,2.3543856613204455e-06,,2
1931,E18_I2_P30,,0.0,0.0,0.0,,0
1932,E18_I2_P31,,0.0,0.0,0.0,,0
1933,E18_I2_P32,,0.0,0.0,0.0,,0
1934,E18_I2_P33,,0.0,0.0,0.0,,0
1935,E18_I2_P34,,0.0,0.0,0.0,,0
1936,E18_I2_P35,,2.963255869204262e-06,1.1325353743147601e-06,1.0760428738522658e-06,,1
1937,E18_I2_P36,,0.0,0.0,0.0,,0
1938,E18_I2_P37,,9.312149041389663e-06,3.5401209418782955e-06,3.5016498606926964e-06,,3
1939,E18_I2_P38,,0.0,0.0,0.0,,0
1940,E18_I2_P39,,0.0,0.0,0.0,,0
1941,E18_I2_P40,,0.0,0.0,0.0,,0
1942,E18_I2_P41,,0.0,0.0,0.0,,0
1943,E18_I2_P42,,0.0,0.0,0.0,,0
1944,E18_I2_P43,,0.0,0.0,0.0,,0
1945,E18_I2_P44,,0.0,0.0,0.0,,0
1946,E18_I2_P45,,0.0,0.0,0.0,,0
1947,E18_I2_P46,,0.0,0.0,0.0,,0
1948,E18_I2_P47,,0.0,0.0,0.0,,0
1949,E18_I2_P48,,0.0,0.0,0.0,,0
1950,E18_I2_P49,,0.0,0.0,0.0,,0
1951,E18_I2_P50,,0.0,0.0,0.0,,0
1952,E18_I2_P51,,0.0,0.0,0.0,,0
1953,E18_I2_P52,,0.0,0.0,0.0,,0
1954,E18_I2_P53,,0.0,0.0,0.0,,0
1955,E18_I2_P54,,0.0,0.0,0.0,,0
1956,E18_I2_P55,,0.0,0.0,0.0,,0
1957,E18_I2_P56,,0.0,0.0,0.0,,0
1958,E18_I2_P57,,0.0,0.0,0.0,,0
1959,E18_I2_P58,,0.0,0.0,0.0,,0
1960,E18_I2_P59,,0.0,0.0,0.0,,0
1961,E18_I2_P60,,0.0,0.0,0.0,,0
1962,E18_I2_P61,,0.0,0.0,0.0,,0
1963,E18_I2_P62,,2.625835070071021e-06,1.0356014759065491e-06,9.046793635399743e-07,,1
1964,E18_I2_P63,,5.964520553793705e-06,2.278764419293767e-06,2.1777667437596097e-06,,2
1965,E18_I2_P64,,2.9983157650701924e-06,1.1362985908642751e-06,1.0830880138981854e-06,,1
1966,E18_I2_P65,,0.0,0.0,0.0,,0
1967,E18_I2_P66,,0.0,0.0,0.0,,0
1968,E18_I2_P67,,2.3258866690678294e-06,9.610054993053506e-07,7.854302685189731e-07,,1
1969,E18_I2_P68,,0.0,0.0,0.0,,0
1970,E18_I2_P69,,0.0,0.0,0.0,,0
1971,E18_I2_P70,,0.0,0.0,0.0,,0
1972,E18_I2_P71,,0.0,0.0,0.0,,0
1973,E18_I2_P72,,0.0,0.0,0.0,,0
1974,E18_I2_P73,,0.0,0.0,0.0,,0
1975,E18_I2_P74,,0.0,0.0,0.0,,0
1976,E18_I2_P75,,0.0,0.0,0.0,,0
1977,E18_I2_P76,,0.0,0.0,0.0,,0
1978,E18_I2_P77,,0.0,0.0,0.0,,0
1979,E18_I2_P78,,8.4015759266835e-06,3.3343889032955326e-06,3.1114393103391055e-06,,3
1980,E18_I2_P79,,0.0,0.0,0.0,,0
1981,E18_I2_P80,,0.0,0.0,0.0,,0
1982,E18_I2_P81,,2.8876777002386756e-06,1.1153685102762023e-06,1.0442849937290686e-06,,1
1983,E18_I2_P82,,6.079981871615147e-06,2.3551880628254226e-06,2.3248028567177507e-06,,2
1984,E18_I2_P83,,0.0,0.0,0.0,,0
1985,E18_I2_P84,,0.0,0.0,0.0,,0
1986,E18_I2_P85,,2.53810837041135e-06,1.0251687513324505e-06,8.87360656646886e-07,,1
1987,E18_I2_P86,,5.702108447016327e-06,2.217034780438959e-06,2.0635671544079604e-06,,2
1988,E18_I2_P87,,0.0,0.0,0.0,,0
1989,E18_I2_P88,,0.0,0.0,0.0,,0
1990,E18_I2_P89,,0.0,0.0,0.0,,0
1991,E18_I2_P90,,0.0,0.0,0.0,,0
1992,E18_I2_P91,,2.7114566518421547e-06,1.0619679658372022e-06,9.494038930306633e-07,,1
1993,E18_I2_P92,,0.0,0.0,0.0,,0
1994,E18_I2_P93,,0.0,0.0,0.0,,0
1995,E18_I2_P94,,2.753843017047356e-06,1.0847400340830013e-06,9.891512365255964e-07,,1
1996,E18_I2_P95,,0.0,0.0,0.0,,0
1997,E18_I2_P96,,0.0,0.0,0.0,,0
1998,E18_I2_P97,,3.0002521506243338e-06,1.1540710315961343e-06,1.1167694094523363e-06,,1
1999,E18_I2_P98,,5.379393934841529e-06,2.103836998428899e-06,1.8643894392592408e-06,,2
2000,E18_I2_P99,,0.0,0.0,0.0,,0
2001,E19_I2_P0,,0.0,0.0,0.0,,0
2002,E19_I2_P1,,2.8469234013542015e-06,1.1130146949232887e-06,1.03997886762941e-06,,1
2003,E19_I2_P2,,0.0,0.0,0.0,,0
2004,E19_I2_P3,,0.0,0.0,0.0,,0
2005,E19_I2_P4,,0.0,0.0,0.0,,0
2006,E19_I2_P5,,0.0,0.0,0.0,,0
2007,E19_I2_P6,,0.0,0.0,0.0,,0
2008,E19_I2_P7,,3.570280715162246e-05,1.4765942348343182e-05,1.3117371428678509e-05,,14
2009,E19_I2_P8,,0.0,0.0,0.0,,0
2010,E19_I2_P9,,0.0,0.0,0.0,,0
2011,E19_I2_P10,,0.0,0.0,0.0,,0
2012,E19_I2_P11,,2.41703085277093e-06,9.856719785313793e-07,8.23695580234848e-07,,1
2013,E19_I2_P12,,0.0,0.0,0.0,,0
2014,E19_I2_P13,,4.489261142360893e-05,1.9017661827524724e-05,1.6921408284204452e-05,,18
2015,E19_I2_P14,,0.0,0.0,0.0,,0
2016,E19_I2_P15,,0.0,0.0,0.0,,0
2017,E19_I2_P16,,0.0,0.0,0.0,,0
2018,E19_I2_P17,,2.8652303968489187e-06,1.1016056409005338e-06,1.0192705844879758e-06,,1
2019,E19_I2_P18,,0.0,0.0,0.0,,0
2020,E19_I2_P19,,2.7542413780852956e-06,1.0759575147771813e-06,9.736975091844019e-07,,1
2021,E19_I2_P20,,2.9352714571925414e-06,1.1323420374193402e-06,1.075681740194892e-06,,1
2022,E19_I2_P21,,4.893132993483226e-06,2.0014860384275337e-06,1.6952744225471499e-06,,2
2023,E19_I2_P22,,2.0642598173799366e-05,8.372371898988866e-06,7.384622769238155e-06,,8
2024,E19_I2_P23,,4.990486294582703e-06,2.0308062370721348e-06,1.7426820966643977e-06,,2
2025,E19_I2_P24,,0.0,0.0,0.0,,0
2026,E19_I2_P25,,0.0,0.0,0.0,,0
2027,E19_I2_P26,,0.0,0.0,0.0,,0
2028,E19_I2_P27,,2.9563513486968056e-06,1.1344391580324514e-06,1.0796031918468367e-06,,1
2029,E19_I2_P28,,0.0,0.0,0.0,,0
2030,E19_I2_P29,,0.0,0.0,0.0,,0
2031,E19_I2_P30,,0.0,0.0,0.0,,0
2032,E19_I2_P31,,5.168896745236684e-06,2.0806743575821927e-06,1.8252221979873277e-06,,2
2033,E19_I2_P32,,0.0,0.0,0.0,,0
2034,E19_I2_P33,,0.0,0.0,0.0,,0
2035,E19_I2_P34,,0.0,0.0,0.0,,0
2036,E19_I2_P35,,0.0,0.0,0.0,,0
2037,E19_I2_P36,,0.0,0.0,0.0,,0
2038,E19_I2_P37,,0.0,0.0,0.0,,0
2039,E19_I2_P38,,0.0,0.0,0.0,,0
2040,E19_I2_P39,,0.0,0.0,0.0,,0
2041,E19_I2_P40,,0.0,0.0,0.0,,0
2042,E19_I2_P41,,0.0,0.0,0.0,,0
2043,E19_I2_P42,,0.0,0.0,0.0,,0
2044,E19_I2_P43,,0.0,0.0,0.0,,0
2045,E19_I2_P44,,0.0,0.0,0.0,,0
2046,E19_I2_P45,,0.0,0.0,0.0,,0
2047,E19_I2_P46,,0.0,0.0,0.0,,0
2048,E19_I2_P47,,2.6484438345417084e-06,1.0576794486753112e-06,9.420353852041568e-07,,1
2049,E19_I2_P48,,0.0,0.0,0.0,,0
2050,E19_I2_P49,,0.0,0.0,0.0,,0
2051,E19_I2_P50,,9.091928046691551e-06,3.4570399354133714e-06,3.3404150131612356e-06,,3
2052,E19_I2_P51,,2.1383736534931188e-05,8.174019576935621e-06,8.00165748619357e-06,,7
2053,E19_I2_P52,,0.0,0.0,0.0,,0
2054,E19_I2_P53,,0.0,0.0,0.0,,0
2055,E19_I2_P54,,1.1656090611675098e-05,4.56754607942413e-06,4.374419705885891e-06,,4
2056,E19_I2_P55,,5.779468029123973e-06,2.2313370027782817e-06,2.0896692758799666e-06,,2
2057,E19_I2_P56,,4.793163270167993e-06,1.971136696015633e-06,1.647064878914996e-06,,2
2058,E19_I2_P57,,0.0,0.0,0.0,,0
2059,E19_I2_P58,,0.0,0.0,0.0,,0
2060,E19_I2_P59,,0.0,0.0,0.0,,0
2061,E19_I2_P60,,2.772653935691037e-06,1.0811827625978258e-06,9.82872947454138e-07,,1
2062,E19_I2_P61,,7.634571375529273e-06,3.0853186733971032e-06,2.678302402660447e-06,,3
2063,E19_I2_P62,,0.0,0.0,0.0,,0
2064,E19_I2_P63,,0.0,0.0,0.0,,0
2065,E19_I2_P64,,2.6108697568326082e-06,1.0416318077975357e-06,9.147871221757663e-07,,1
2066,E19_I2_P65,,0.0,0.0,0.0,,0
2067,E19_I2_P66,,0.0,0.0,0.0,,0
2068,E19_I2_P67,,0.0,0.0,0.0,,0
2069,E19_I2_P68,,5.163456466864486e-06,2.0590090322070486e-06,1.7890647887449935e-06,,2
2070,E19_I2_P69,,1.1567837603014291e-05,4.507211056339649e-06,4.2614744861527384e-06,,4
2071,E19_I2_P70,,0.0,0.0,0.0,,0
2072,E19_I2_P71,,0.0,0.0,0.0,,0
2073,E19_I2_P72,,2.7515665921926034e-06,1.0875671664931797e-06,9.941593140300734e-07,,1
2074,E19_I2_P73,,0.0,0.0,0.0,,0
2075,E19_I2_P74,,0.0,0.0,0.0,,0
2076,E19_I2_P75,,0.0,0.0,0.0,,0
2077,E19_I2_P76,,0.0,0.0,0.0,,0
2078,E19_I2_P77,,2.4462272908883903e-06,9.976596708382291e-07,8.42704026545177e-07,,1
2079,E19_I2_P78,,0.0,0.0,0.0,,0
2080,E19_I2_P79,,1.241234260924003e-05,5.087216532078575e-06,4.373362722330828e-06,,5
2081,E19_I2_P80,,2.7890911688116306e-06,1.0948135784169314e-06,1.0070706429843934e-06,,1
2082,E19_I2_P81,,3.699869689634901e-05,1.5484351080822193e-05,1.3487389291012903e-05,,15
2083,E19_I2_P82,,0.0,0.0,0.0,,0
2084,E19_I2_P83,,0.0,0.0,0.0,,0
2085,E19_I2_P84,,0.0,0.0,0.0,,0
2086,E19_I2_P85,,0.0,0.0,0.0,,0
2087,E19_I2_P86,,0.0,0.0,0.0,,0
2088,E19_I2_P87,,0.0,0.0,0.0,,0
2089,E19_I2_P88,,2.9713073292266737e-06,1.1366645305367232e-06,1.0837747005801445e-06,,1
2090,E19_I2_P89,,3.196358788310699e-06,1.1874245699347999e-06,1.1818319340443236e-06,,1
2091,E19_I2_P90,,0.0,0.0,0.0,,0
2092,E19_I2_P91,,0.0,0.0,0.0,,0
2093,E19_I2_P92,,0.0,0.0,0.0,,0
2094,E19_I2_P93,,0.0,0.0,0.0,,0
2095,E19_I2_P94,,0.0,0.0,0.0,,0
2096,E19_I2_P95,,0.0,0.0,0.0,,0
2097,E19_I2_P96,,0.0,0.0,0.0,,0
2098,E19_I2_P97,,0.0,0.0,0.0,,0
2099,E19_I2_P98,,0.0,0.0,0.0,,0
2100,E19_I2_P99,,7.039538510271538e-05,2.9978333380645687e-05,2.7946151905448855e-05,,27
2101,E20_I2_P0,,0.0,0.0,0.0,,0
2102,E20_I2_P1,,0.0,0.0,0.0,,0
2103,E20_I2_P2,,0.0,0.0,0.0,,0
2104,E20_I2_P3,,0.0,0.0,0.0,,0
2105,E20_I2_P4,,0.0,0.0,0.0,,0
2106,E20_I2_P5,,0.0,0.0,0.0,,0
2107,E20_I2_P6,,2.8214293208184226e-06,1.0986110923940249e-06,1.0138800174387364e-06,,1
2108,E20_I2_P7,,4.231262164152468e-05,1.836772958151785e-05,1.583213712741704e-05,,18
2109,E20_I2_P8,,0.0,0.0,0.0,,0
2110,E20_I2_P9,,0.0,0.0,0.0,,0
2111,E20_I2_P10,,0.0,0.0,0.0,,0
2112,E20_I2_P11,,0.0,0.0,0.0,,0
2113,E20_I2_P12,,1.5749920336106053e-05,6.349562572089533e-06,5.6581888137607155e-06,,6
2114,E20_I2_P13,,0.0,0.0,0.0,,0
2115,E20_I2_P14,,0.0,0.0,0.0,,0
2116,E20_I2_P15,,2.5400671508897095e-06,1.0257508360912353e-06,8.883213502484524e-07,,1
2117,E20_I2_P16,,0.0,0.0,0.0,,0
2118,E20_I2_P17,,2.490819766060547e-06,1.0126637952521692e-06,8.668805260924536e-07,,1
2119,E20_I2_P18,,9.573942326920104e-06,3.9857443950674e-06,3.3630055516916026e-06,,4
2120,E20_I2_P19,,5.729290922474256e-06,2.2496911195323626e-06,2.1234803843499496e-06,,2
2121,E20_I2_P20,,0.0,0.0,0.0,,0
2122,E20_I2_P21,,0.0,0.0,0.0,,0
2123,E20_I2_P22,,0.0,0.0,0.0,,0
2124,E20_I2_P23,,0.0,0.0,0.0,,0
2125,E20_I2_P24,,0.0,0.0,0.0,,0
2126,E20_I2_P25,,0.0,0.0,0.0,,0
2127,E20_I2_P26,,0.0,0.0,0.0,,0
2128,E20_I2_P27,,0.0,0.0,0.0,,0
2129,E20_I2_P28,,0.0,0.0,0.0,,0
2130,E20_I2_P29,,0.0,0.0,0.0,,0
2131,E20_I2_P30,,0.0,0.0,0.0,,0
2132,E20_I2_P31,,0.0,0.0,0.0,,0
2133,E20_I2_P32,,0.0,0.0,0.0,,0
2134,E20_I2_P33,,0.0,0.0,0.0,,0
2135,E20_I2_P34,,0.0,0.0,0.0,,0
2136,E20_I2_P35,,0.0,0.0,0.0,,0
2137,E20_I2_P36,,0.0,0.0,0.0,,0
2138,E20_I2_P37,,1.3869631808511247e-05,5.430625121410536e-06,4.9580130663476346e-06,,5
2139,E20_I2_P38,,0.0,0.0,0.0,,0
2140,E20_I2_P39,,0.0,0.0,0.0,,0
2141,E20_I2_P40,,0.0,0.0,0.0,,0
2142,E20_I2_P41,,0.0,0.0,0.0,,0
2143,E20_I2_P42,,1.750154460874584e-05,6.832979636989404e-06,6.527063653556517e-06,,6
2144,E20_I2_P43,,0.0,0.0,0.0,,0
2145,E20_I2_P44,,0.0,0.0,0.0,,0
2146,E20_I2_P45,,0.0,0.0,0.0,,0
2147,E20_I2_P46,,0.0,0.0,0.0,,0
2148,E20_I2_P47,,5.124879035958862e-06,2.0577679704743606e-06,1.7870074728184996e-06,,2
2149,E20_I2_P48,,0.0,0.0,0.0,,0
2150,E20_I2_P49,,0.0,0.0,0.0,,0
2151,E20_I2_P50,,5.83312899715347e-06,2.2754998996579174e-06,2.171626344542092e-06,,2
2152,E20_I2_P51,,0.0,0.0,0.0,,0
2153,E20_I2_P52,,3.321973771788556e-05,1.2975553288241713e-05,1.2829746350082955e-05,,11
2154,E20_I2_P53,,1.9668687390788037e-05,8.15304402280843e-06,7.019469595715843e-06,,8
2155,E20_I2_P54,,2.95973288346845e-06,1.1465040565458016e-06,1.102345929932137e-06,,1
2156,E20_I2_P55,,0.0,0.0,0.0,,0
2157,E20_I2_P56,,0.0,0.0,0.0,,0
2158,E20_I2_P57,,0.0,0.0,0.0,,0
2159,E20_I2_P58,,0.0,0.0,0.0,,0
2160,E20_I2_P59,,0.0,0.0,0.0,,0
2161,E20_I2_P60,,0.0,0.0,0.0,,0
2162,E20_I2_P61,,0.0,0.0,0.0,,0
2163,E20_I2_P62,,2.9091642187023907e-06,1.130549778152958e-06,1.0723377606585013e-06,,1
2164,E20_I2_P63,,0.0,0.0,0.0,,0
2165,E20_I2_P64,,3.20664322648371e-06,1.200378099543961e-06,1.2077637469179378e-06,,1
2166,E20_I2_P65,,0.0,0.0,0.0,,0
2167,E20_I2_P66,,0.0,0.0,0.0,,0
2168,E20_I2_P67,,0.0,0.0,0.0,,0
2169,E20_I2_P68,,0.0,0.0,0.0,,0
2170,E20_I2_P69,,0.0,0.0,0.0,,0
2171,E20_I2_P70,,0.0,0.0,0.0,,0
2172,E20_I2_P71,,0.0,0.0,0.0,,0
2173,E20_I2_P72,,1.0289385708733825e-05,4.209420130199771e-06,3.7317523142695212e-06,,4
2174,E20_I2_P73,,0.0,0.0,0.0,,0
2175,E20_I2_P74,,0.0,0.0,0.0,,0
2176,E20_I2_P75,,0.0,0.0,0.0,,0
2177,E20_I2_P76,,0.0,0.0,0.0,,0
2178,E20_I2_P77,,2.492890052703974e-06,1.001857631402465e-06,8.494249817585986e-07,,1
2179,E20_I2_P78,,0.0,0.0,0.0,,0
2180,E20_I2_P79,,0.0,0.0,0.0,,0
2181,E20_I2_P80,,0.0,0.0,0.0,,0
2182,E20_I2_P81,,0.0,0.0,0.0,,0
2183,E20_I2_P82,,0.0,0.0,0.0,,0
2184,E20_I2_P83,,0.0,0.0,0.0,,0
2185,E20_I2_P84,,0.0,0.0,0.0,,0
2186,E20_I2_P85,,0.0,0.0,0.0,,0
2187,E20_I2_P86,,0.0,0.0,0.0,,0
2188,E20_I2_P87,,0.0,0.0,0.0,,0
2189,E20_I2_P88,,0.0,0.0,0.0,,0
2190,E20_I2_P89,,0.0,0.0,0.0,,0
2191,E20_I2_P90,,4.9793948851697955e-06,2.030645884681639e-06,1.742420579380979e-06,,2
2192,E20_I2_P91,,0.0,0.0,0.0,,0
2193,E20_I2_P92,,2.5787999998565996e-06,1.0355696259882805e-06,9.046261677593043e-07,,1
2194,E20_I2_P93,,0.0,0.0,0.0,,0
2195,E20_I2_P94,,0.0,0.0,0.0,,0
2196,E20_I2_P95,,4.2238213944002215e-05,1.8584199796919776e-05,1.5425208037345243e-05,,19
2197,E20_I2_P96,,0.0,0.0,0.0,,0
2198,E20_I2_P97,,0.0,0.0,0.0,,0
2199,E20_I2_P98,,2.363878490544134e-05,1.0134548194256475e-05,8.68167090910985e-06,,10
2200,E20_I2_P99,,0.0,0.0,0.0,,0
2201,E21_I2_P0,,0.0,0.0,0.0,,0
2202,E21_I2_P1,,9.288716924648928e-06,3.850131588350859e-06,3.1510676999017657e-06,,4
2203,E21_I2_P2,,0.0,0.0,0.0,,0
2204,E21_I2_P3,,2.666316221925806e-06,1.064578425256281e-06,9.53907203907204e-07,,1
2205,E21_I2_P4,,5.627769182924436e-06,2.2444171560999745e-06,2.113728641102352e-06,,2
2206,E21_I2_P5,,0.0,0.0,0.0,,0
2207,E21_I2_P6,,2.6569942828840215e-06,1.0550711485912013e-06,9.375717828396238e-07,,1
2208,E21_I2_P7,,2.615881501794041e-06,1.0413941981861114e-06,9.143874986769956e-07,,1
2209,E21_I2_P8,,0.0,0.0,0.0,,0
2210,E21_I2_P9,,0.0,0.0,0.0,,0
2211,E21_I2_P10,,2.8998534430670157e-06,1.1224681971180976e-06,1.0573437146863722e-06,,1
2212,E21_I2_P11,,0.0,0.0,0.0,,0
2213,E21_I2_P12,,0.0,0.0,0.0,,0
2214,E21_I2_P13,,0.0,0.0,0.0,,0
2215,E21_I2_P14,,0.0,0.0,0.0,,0
2216,E21_I2_P15,,0.0,0.0,0.0,,0
2217,E21_I2_P16,,0.0,0.0,0.0,,0
2218,E21_I2_P17,,0.0,0.0,0.0,,0
2219,E21_I2_P18,,0.0,0.0,0.0,,0
2220,E21_I2_P19,,0.0,0.0,0.0,,0
2221,E21_I2_P20,,0.0,0.0,0.0,,0
2222,E21_I2_P21,,0.0,0.0,0.0,,0
2223,E21_I2_P22,,0.0,0.0,0.0,,0
2224,E21_I2_P23,,3.1687871959267373e-05,1.299812314249588e-05,1.183667168574426e-05,,12
2225,E21_I2_P24,,8.028740213511052e-06,3.2112370303434152e-06,2.8920624454123215e-06,,3
2226,E21_I2_P25,,0.0,0.0,0.0,,0
2227,E21_I2_P26,,0.0,0.0,0.0,,0
2228,E21_I2_P27,,0.0,0.0,0.0,,0
2229,E21_I2_P28,,0.0,0.0,0.0,,0
2230,E21_I2_P29,,0.0,0.0,0.0,,0
2231,E21_I2_P30,,0.0,0.0,0.0,,0
2232,E21_I2_P31,,0.0,0.0,0.0,,0
2233,E21_I2_P32,,0.0,0.0,0.0,,0
2234,E21_I2_P33,,0.0,0.0,0.0,,0
2235,E21_I2_P34,,0.0,0.0,0.0,,0
2236,E21_I2_P35,,0.0,0.0,0.0,,0
2237,E21_I2_P36,,0.0,0.0,0.0,,0
2238,E21_I2_P37,,0.0,0.0,0.0,,0
2239,E21_I2_P38,,0.0,0.0,0.0,,0
2240,E21_I2_P39,,0.0,0.0,0.0,,0
2241,E21_I2_P40,,0.0,0.0,0.0,,0
2242,E21_I2_P41,,2.6192985973958773e-06,1.049146067220769e-06,9.274824647846503e-07,,1
2243,E21_I2_P42,,0.0,0.0,0.0,,0
2244,E21_I2_P43,,1.6193613715055798e-05,6.459486278292231e-06,5.848737038345783e-06,,6
2245,E21_I2_P44,,0.0,0.0,0.0,,0
2246,E21_I2_P45,,0.0,0.0,0.0,,0
2247,E21_I2_P46,,0.0,0.0,0.0,,0
2248,E21_I2_P47,,0.0,0.0,0.0,,0
2249,E21_I2_P48,,0.0,0.0,0.0,,0
2250,E21_I2_P49,,0.0,0.0,0.0,,0
2251,E21_I2_P50,,0.0,0.0,0.0,,0
2252,E21_I2_P51,,0.0,0.0,0.0,,0
2253,E21_I2_P52,,0.0,0.0,0.0,,0
2254,E21_I2_P53,,0.0,0.0,0.0,,0
2255,E21_I2_P54,,0.0,0.0,0.0,,0
2256,E21_I2_P55,,0.0,0.0,0.0,,0
2257,E21_I2_P56,,0.0,0.0,0.0,,0
2258,E21_I2_P57,,0.0,0.0,0.0,,0
2259,E21_I2_P58,,0.0,0.0,0.0,,0
2260,E21_I2_P59,,0.0,0.0,0.0,,0
2261,E21_I2_P60,,0.0,0.0,0.0,,0
2262,E21_I2_P61,,0.0,0.0,0.0,,0
2263,E21_I2_P62,,0.0,0.0,0.0,,0
2264,E21_I2_P63,,0.0,0.0,0.0,,0
2265,E21_I2_P64,,2.3735105195018814e-06,9.709083020948304e-07,8.006565383614564e-07,,1
2266,E21_I2_P65,,2.55687739853601e-06,1.0257772443349797e-06,8.88364950982243e-07,,1
2267,E21_I2_P66,,0.0,0.0,0.0,,0
2268,E21_I2_P67,,0.0,0.0,0.0,,0
2269,E21_I2_P68,,0.0,0.0,0.0,,0
2270,E21_I2_P69,,4.953550054286482e-05,2.2002379258238113e-05,1.7911318337276744e-05,,23
2271,E21_I2_P70,,0.0,0.0,0.0,,0
2272,E21_I2_P71,,2.575142421088376e-06,1.052139196430652e-06,9.325704906719637e-07,,1
2273,E21_I2_P72,,2.5228454075844852e-06,1.0222450050894406e-06,8.825451543196394e-07,,1
2274,E21_I2_P73,,0.0,0.0,0.0,,0
2275,E21_I2_P74,,0.0,0.0,0.0,,0
2276,E21_I2_P75,,0.0,0.0,0.0,,0
2277,E21_I2_P76,,0.0,0.0,0.0,,0
2278,E21_I2_P77,,0.0,0.0,0.0,,0
2279,E21_I2_P78,,0.0,0.0,0.0,,0
2280,E21_I2_P79,,0.0,0.0,0.0,,0
2281,E21_I2_P80,,0.0,0.0,0.0,,0
2282,E21_I2_P81,,0.0,0.0,0.0,,0
2283,E21_I2_P82,,8.231240768547697e-06,3.2229402250243677e-06,2.9124658392027614e-06,,3
2284,E21_I2_P83,,2.7072533515289803e-06,1.0678609357784208e-06,9.595892957814056e-07,,1
2285,E21_I2_P84,,0.0,0.0,0.0,,0
2286,E21_I2_P85,,0.0,0.0,0.0,,0
2287,E21_I2_P86,,0.0,0.0,0.0,,0
2288,E21_I2_P87,,0.0,0.0,0.0,,0
2289,E21_I2_P88,,0.0,0.0,0.0,,0
2290,E21_I2_P89,,0.0,0.0,0.0,,0
2291,E21_I2_P90,,0.0,0.0,0.0,,0
2292,E21_I2_P91,,0.0,0.0,0.0,,0
2293,E21_I2_P92,,0.0,0.0,0.0,,0
2294,E21_I2_P93,,0.0,0.0,0.0,,0
2295,E21_I2_P94,,0.0,0.0,0.0,,0
2296,E21_I2_P95,,0.0,0.0,0.0,,0
2297,E21_I2_P96,,0.0,0.0,0.0,,0
2298,E21_I2_P97,,0.0,0.0,0.0,,0
2299,E21_I2_P98,,0.0,0.0,0.0,,0
2300,E21_I2_P99,,0.0,0.0,0.0,,0
2301,E22_I2_P0,,2.958899538108329e-06,1.1444468734223947e-06,1.0984460284036176e-06,,1
2302,E22_I2_P1,,2.681823323440675e-06,1.065702838770438e-06,9.55851147212547e-07,,1
2303,E22_I2_P2,,2.5861914846314164e-06,1.0377476633845924e-06,9.082685132371054e-07,,1
2304,E22_I2_P3,,0.0,0.0,0.0,,0
2305,E22_I2_P4,,0.0,0.0,0.0,,0
2306,E22_I2_P5,,0.0,0.0,0.0,,0
2307,E22_I2_P6,,0.0,0.0,0.0,,0
2308,E22_I2_P7,,2.744278832020269e-06,1.0871907851093662e-06,9.9349163629066e-07,,1
2309,E22_I2_P8,,0.0,0.0,0.0,,0
2310,E22_I2_P9,,0.0,0.0,0.0,,0
2311,E22_I2_P10,,0.0,0.0,0.0,,0
2312,E22_I2_P11,,0.0,0.0,0.0,,0
2313,E22_I2_P12,,0.0,0.0,0.0,,0
2314,E22_I2_P13,,0.0,0.0,0.0,,0
2315,E22_I2_P14,,0.0,0.0,0.0,,0
2316,E22_I2_P15,,0.00010425377036917486,4.9384928215099354e-05,4.2885688643646285e-05,,48
2317,E22_I2_P16,,0.0,0.0,0.0,,0
2318,E22_I2_P17,,1.5136000631007931e-05,6.1767166076583744e-06,5.366679494521404e-06,,6
2319,E22_I2_P18,,0.0,0.0,0.0,,0
2320,E22_I2_P19,,0.0,0.0,0.0,,0
2321,E22_I2_P20,,0.0,0.0,0.0,,0
2322,E22_I2_P21,,0.0,0.0,0.0,,0
2323,E22_I2_P22,,0.0,0.0,0.0,,0
2324,E22_I2_P23,,0.0,0.0,0.0,,0
2325,E22_I2_P24,,0.0,0.0,0.0,,0
2326,E22_I2_P25,,0.0,0.0,0.0,,0
2327,E22_I2_P26,,0.0,0.0,0.0,,0
2328,E22_I2_P27,,0.0,0.0,0.0,,0
2329,E22_I2_P28,,7.734401635317788e-06,3.1627081079829314e-06,2.8084365433763026e-06,,3
2330,E22_I2_P29,,0.0,0.0,0.0,,0
2331,E22_I2_P30,,0.0,0.0,0.0,,0
2332,E22_I2_P31,,5.7232241863844614e-06,2.244464346463746e-06,2.1138157677444925e-06,,2
2333,E22_I2_P32,,0.0,0.0,0.0,,0
2334,E22_I2_P33,,0.0,0.0,0.0,,0
2335,E22_I2_P34,,3.0128571829541656e-06,1.1402550124701937e-06,1.0905274063168802e-06,,1
2336,E22_I2_P35,,0.0,0.0,0.0,,0
2337,E22_I2_P36,,2.8729169885172274e-06,1.111244494845974e-06,1.0367480531167498e-06,,1
2338,E22_I2_P37,,2.949397971214597e-06,1.120973628050302e-06,1.0545858931208835e-06,,1
2339,E22_I2_P38,,0.0,0.0,0.0,,0
2340,E22_I2_P39,,0.0,0.0,0.0,,0
2341,E22_I2_P40,,0.0,0.0,0.0,,0
2342,E22_I2_P41,,0.0,0.0,0.0,,0
2343,E22_I2_P42,,0.0,0.0,0.0,,0
2344,E22_I2_P43,,0.0,0.0,0.0,,0
2345,E22_I2_P44,,0.0,0.0,0.0,,0
2346,E22_I2_P45,,0.0,0.0,0.0,,0
2347,E22_I2_P46,,0.0,0.0,0.0,,0
2348,E22_I2_P47,,0.0,0.0,0.0,,0
2349,E22_I2_P48,,0.0,0.0,0.0,,0
2350,E22_I2_P49,,0.0,0.0,0.0,,0
2351,E22_I2_P50,,0.0,0.0,0.0,,0
2352,E22_I2_P51,,0.0,0.0,0.0,,0
2353,E22_I2_P52,,0.0,0.0,0.0,,0
2354,E22_I2_P53,,0.0,0.0,0.0,,0
2355,E22_I2_P54,,0.0,0.0,0.0,,0
2356,E22_I2_P55,,0.0,0.0,0.0,,0
2357,E22_I2_P56,,0.0,0.0,0.0,,0
2358,E22_I2_P57,,0.0,0.0,0.0,,0
2359,E22_I2_P58,,0.0,0.0,0.0,,0
2360,E22_I2_P59,,0.0,0.0,0.0,,0
2361,E22_I2_P60,,0.0,0.0,0.0,,0
2362,E22_I2_P61,,0.0,0.0,0.0,,0
2363,E22_I2_P62,,0.0,0.0,0.0,,0
2364,E22_I2_P63,,3.0479287114185064e-06,1.161502617592215e-06,1.1310553877823399e-06,,1
2365,E22_I2_P64,,0.0,0.0,0.0,,0
2366,E22_I2_P65,,0.0,0.0,0.0,,0
2367,E22_I2_P66,,1.1724390570612376e-05,4.558314972990353e-06,4.357013702808096e-06,,4
2368,E22_I2_P67,,0.0,0.0,0.0,,0
2369,E22_I2_P68,,0.0,0.0,0.0,,0
2370,E22_I2_P69,,2.6730053686885947e-06,1.078062645455736e-06,9.773874092465246e-07,,1
2371,E22_I2_P70,,0.0,0.0,0.0,,0
2372,E22_I2_P71,,0.0,0.0,0.0,,0
2373,E22_I2_P72,,0.0,0.0,0.0,,0
2374,E22_I2_P73,,0.0,0.0,0.0,,0
2375,E22_I2_P74,,0.0,0.0,0.0,,0
2376,E22_I2_P75,,0.0,0.0,0.0,,0
2377,E22_I2_P76,,0.0,0.0,0.0,,0
2378,E22_I2_P77,,5.702719589869093e-06,2.2135546622240833e-06,2.057248070687044e-06,,2
2379,E22_I2_P78,,0.0,0.0,0.0,,0
2380,E22_I2_P79,,0.0,0.0,0.0,,0
2381,E22_I2_P80,,2.8095710241195563e-06,1.1024134502095724e-06,1.0207279219102311e-06,,1
2382,E22_I2_P81,,0.0,0.0,0.0,,0
2383,E22_I2_P82,,0.0,0.0,0.0,,0
2384,E22_I2_P83,,5.648106766839542e-06,2.223106145811543e-06,2.0746215436480923e-06,,2
2385,E22_I2_P84,,0.0,0.0,0.0,,0
2386,E22_I2_P85,,0.0,0.0,0.0,,0
2387,E22_I2_P86,,0.0,0.0,0.0,,0
2388,E22_I2_P87,,0.0,0.0,0.0,,0
2389,E22_I2_P88,,2.6335178885299825e-06,1.0430782935414336e-06,9.17222293179558e-07,,1
2390,E22_I2_P89,,0.0,0.0,0.0,,0
2391,E22_I2_P90,,0.0,0.0,0.0,,0
2392,E22_I2_P91,,5.663804850032474e-06,2.2205561158522876e-06,2.0699739157411945e-06,,2
2393,E22_I2_P92,,0.0,0.0,0.0,,0
2394,E22_I2_P93,,0.0,0.0,0.0,,0
2395,E22_I2_P94,,1.6298447964374395e-05,6.519956206806385e-06,5.955296566324883e-06,,6
2396,E22_I2_P95,,0.0,0.0,0.0,,0
2397,E22_I2_P96,,0.0,0.0,0.0,,0
2398,E22_I2_P97,,0.0,0.0,0.0,,0
2399,E22_I2_P98,,0.0,0.0,0.0,,0
2400,E22_I2_P99,,0.0,0.0,0.0,,0
2401,E23_I2_P0,,0.0,0.0,0.0,,0
2402,E23_I2_P1,,0.0,0.0,0.0,,0
2403,E23_I2_P2,,0.0,0.0,0.0,,0
2404,E23_I2_P3,,5.1619832057484254e-06,2.088395860305339e-06,1.8382200882529465e-06,,2
2405,E23_I2_P4,,2.673173735721512e-06,1.0682562756410084e-06,9.602750996105364e-07,,1
2406,E23_I2_P5,,0.0,0.0,0.0,,0
2407,E23_I2_P6,,0.0,0.0,0.0,,0
2408,E23_I2_P7,,0.0,0.0,0.0,,0
2409,E23_I2_P8,,0.0,0.0,0.0,,0
2410,E23_I2_P9,,0.0,0.0,0.0,,0
2411,E23_I2_P10,,0.0,0.0,0.0,,0
2412,E23_I2_P11,,0.0,0.0,0.0,,0
2413,E23_I2_P12,,0.0,0.0,0.0,,0
2414,E23_I2_P13,,0.0,0.0,0.0,,0
2415,E23_I2_P14,,1.3842568009581233e-05,5.84242059618597e-06,4.8302333968777366e-06,,6
2416,E23_I2_P15,,0.0,0.0,0.0,,0
2417,E23_I2_P16,,0.0,0.0,0.0,,0
2418,E23_I2_P17,,0.0,0.0,0.0,,0
2419,E23_I2_P18,,1.2483986192671552e-05,4.690242141446925e-06,4.610140580474326e-06,,4
2420,E23_I2_P19,,0.0,0.0,0.0,,0
2421,E23_I2_P20,,2.390642109470528e-06,9.884990583584674e-07,8.281539206876991e-07,,1
2422,E23_I2_P21,,2.5460363330257835e-06,1.0242361079320883e-06,8.858227610386803e-07,,1
2423,E23_I2_P22,,0.0,0.0,0.0,,0
2424,E23_I2_P23,,0.0,0.0,0.0,,0
2425,E23_I2_P24,,0.0,0.0,0.0,,0
2426,E23_I2_P25,,0.0,0.0,0.0,,0
2427,E23_I2_P26,,0.0,0.0,0.0,,0
2428,E23_I2_P27,,0.0,0.0,0.0,,0
2429,E23_I2_P28,,0.0,0.0,0.0,,0
2430,E23_I2_P29,,0.0,0.0,0.0,,0
2431,E23_I2_P30,,1.3452120951166737e-05,5.328677259961905e-06,4.779537842588311e-06,,5
2432,E23_I2_P31,,3.4250175943015446e-05,1.3769972913619485e-05,1.3250795599852475e-05,,12
2433,E23_I2_P32,,2.9871381207726126e-06,1.1467101058145758e-06,1.1027370484912077e-06,,1
2434,E23_I2_P33,,0.0,0.0,0.0,,0
2435,E23_I2_P34,,0.0,0.0,0.0,,0
2436,E23_I2_P35,,0.0,0.0,0.0,,0
2437,E23_I2_P36,,0.0,0.0,0.0,,0
2438,E23_I2_P37,,0.0,0.0,0.0,,0
2439,E23_I2_P38,,0.0,0.0,0.0,,0
2440,E23_I2_P39,,0.0,0.0,0.0,,0
2441,E23_I2_P40,,0.0,0.0,0.0,,0
2442,E23_I2_P41,,0.0,0.0,0.0,,0
2443,E23_I2_P42,,2.5631814593347322e-06,1.0326060608673065e-06,8.996851102114261e-07,,1
2444,E23_I2_P43,,0.0,0.0,0.0,,0
2445,E23_I2_P44,,6.062385911286841e-06,2.28983860933778e-06,2.198681670470386e-06,,2
2446,E23_I2_P45,,0.0,0.0,0.0,,0
2447,E23_I2_P46,,0.0,0.0,0.0,,0
2448,E23_I2_P47,,0.0,0.0,0.0,,0
2449,E23_I2_P48,,0.0,0.0,0.0,,0
2450,E23_I2_P49,,2.340503227895669e-06,9.670249647008803e-07,7.946639902383476e-07,,1
2451,E23_I2_P50,,1.613414207223699e-05,6.4819040616802885e-06,5.88809672180215e-06,,6
2452,E23_I2_P51,,0.0,0.0,0.0,,0
2453,E23_I2_P52,,0.0,0.0,0.0,,0
2454,E23_I2_P53,,0.0,0.0,0.0,,0
2455,E23_I2_P54,,0.0,0.0,0.0,,0
2456,E23_I2_P55,,0.0,0.0,0.0,,0
2457,E23_I2_P56,,0.0,0.0,0.0,,0
2458,E23_I2_P57,,4.730503430240998e-06,1.9580653289985557e-06,1.6265686984339602e-06,,2
2459,E23_I2_P58,,0.0,0.0,0.0,,0
2460,E23_I2_P59,,0.0,0.0,0.0,,0
2461,E23_I2_P60,,2.853333169679237e-06,1.08869110703295e-06,9.961548423086886e-07,,1
2462,E23_I2_P61,,0.0,0.0,0.0,,0
2463,E23_I2_P62,,0.0,0.0,0.0,,0
2464,E23_I2_P63,,0.0,0.0,0.0,,0
2465,E23_I2_P64,,0.0,0.0,0.0,,0
2466,E23_I2_P65,,0.0,0.0,0.0,,0
2467,E23_I2_P66,,0.0,0.0,0.0,,0
2468,E23_I2_P67,,0.0,0.0,0.0,,0
2469,E23_I2_P68,,0.0,0.0,0.0,,0
2470,E23_I2_P69,,0.0,0.0,0.0,,0
2471,E23_I2_P70,,0.0,0.0,0.0,,0
2472,E23_I2_P71,,0.0,0.0,0.0,,0
2473,E23_I2_P72,,0.0,0.0,0.0,,0
2474,E23_I2_P73,,2.554950969130761e-06,1.0252090814520017e-06,8.874271976912695e-07,,1
2475,E23_I2_P74,,6.923372659602485e-06,2.9351508118387954e-06,2.436812932978506e-06,,3
2476,E23_I2_P75,,4.471788313690554e-05,1.811502465473489e-05,1.7206336233317922e-05,,16
2477,E23_I2_P76,,0.0,0.0,0.0,,0
2478,E23_I2_P77,,0.0,0.0,0.0,,0
2479,E23_I2_P78,,0.0,0.0,0.0,,0
2480,E23_I2_P79,,0.0,0.0,0.0,,0
2481,E23_I2_P80,,0.0,0.0,0.0,,0
2482,E23_I2_P81,,0.0,0.0,0.0,,0
2483,E23_I2_P82,,5.961412664658173e-06,2.2817291277354334e-06,2.183353079032742e-06,,2
2484,E23_I2_P83,,0.0,0.0,0.0,,0
2485,E23_I2_P84,,0.0,0.0,0.0,,0
2486,E23_I2_P85,,0.0,0.0,0.0,,0
2487,E23_I2_P86,,0.0,0.0,0.0,,0
2488,E23_I2_P87,,3.068498776754473e-06,1.1593026829759772e-06,1.1268138886572662e-06,,1
2489,E23_I2_P88,,5.154289410627719e-06,2.095693268229057e-06,1.8505581746094165e-06,,2
2490,E23_I2_P89,,2.774919912840009e-06,1.0854364515057286e-06,9.903833774053936e-07,,1
2491,E23_I2_P90,,0.0,0.0,0.0,,0
2492,E23_I2_P91,,5.4334346651870225e-06,2.151140972588243e-06,1.946040197406318e-06,,2
2493,E23_I2_P92,,0.0,0.0,0.0,,0
2494,E23_I2_P93,,0.0,0.0,0.0,,0
2495,E23_I2_P94,,0.0,0.0,0.0,,0
2496,E23_I2_P95,,0.0,0.0,0.0,,0
2497,E23_I2_P96,,0.0,0.0,0.0,,0
2498,E23_I2_P97,,0.0,0.0,0.0,,0
2499,E23_I2_P98,,0.0,0.0,0.0,,0
2500,E23_I2_P99,,0.0,0.0,0.0,,0
2501,E24_I2_P0,,0.0,0.0,0.0,,0
2502,E24_I2_P1,,0.0,0.0,0.0,,0
2503,E24_I2_P2,,2.541200986704279e-06,1.0277145261366816e-06,8.915671566273977e-07,,1
2504,E24_I2_P3,,0.0,0.0,0.0,,0
2505,E24_I2_P4,,0.0,0.0,0.0,,0
2506,E24_I2_P5,,0.0,0.0,0.0,,0
2507,E24_I2_P6,,0.0,0.0,0.0,,0
2508,E24_I2_P7,,0.0,0.0,0.0,,0
2509,E24_I2_P8,,0.0,0.0,0.0,,0
2510,E24_I2_P9,,0.0,0.0,0.0,,0
2511,E24_I2_P10,,0.0,0.0,0.0,,0
2512,E24_I2_P11,,0.0,0.0,0.0,,0
2513,E24_I2_P12,,0.0,0.0,0.0,,0
2514,E24_I2_P13,,0.0,0.0,0.0,,0
2515,E24_I2_P14,,0.0,0.0,0.0,,0
2516,E24_I2_P15,,0.0,0.0,0.0,,0
2517,E24_I2_P16,,0.0,0.0,0.0,,0
2518,E24_I2_P17,,0.0,0.0,0.0,,0
2519,E24_I2_P18,,0.0,0.0,0.0,,0
2520,E24_I2_P19,,0.0,0.0,0.0,,0
2521,E24_I2_P20,,0.0,0.0,0.0,,0
2522,E24_I2_P21,,0.0,0.0,0.0,,0
2523,E24_I2_P22,,0.0,0.0,0.0,,0
2524,E24_I2_P23,,0.0,0.0,0.0,,0
2525,E24_I2_P24,,6.227051374552181e-06,2.330115676135907e-06,2.2758643448298622e-06,,2
2526,E24_I2_P25,,2.7358594056340863e-06,1.0615939825853052e-06,9.487598522780911e-07,,1
2527,E24_I2_P26,,8.707224699228608e-06,3.3789899734853707e-06,3.1934742418359496e-06,,3
2528,E24_I2_P27,,0.0,0.0,0.0,,0
2529,E24_I2_P28,,2.676294837799658e-06,1.0757833067571877e-06,9.733925577811906e-07,,1
2530,E24_I2_P29,,0.0,0.0,0.0,,0
2531,E24_I2_P30,,0.0,0.0,0.0,,0
2532,E24_I2_P31,,0.0,0.0,0.0,,0
2533,E24_I2_P32,,0.0,0.0,0.0,,0
2534,E24_I2_P33,,0.0,0.0,0.0,,0
2535,E24_I2_P34,,0.0,0.0,0.0,,0
2536,E24_I2_P35,,0.0,0.0,0.0,,0
2537,E24_I2_P36,,0.0,0.0,0.0,,0
2538,E24_I2_P37,,0.0,0.0,0.0,,0
2539,E24_I2_P38,,0.0,0.0,0.0,,0
2540,E24_I2_P39,,0.0,0.0,0.0,,0
2541,E24_I2_P40,,0.0,0.0,0.0,,0
2542,E24_I2_P41,,0.0,0.0,0.0,,0
2543,E24_I2_P42,,0.0,0.0,0.0,,0
2544,E24_I2_P43,,0.0,0.0,0.0,,0
2545,E24_I2_P44,,2.91419998912102e-06,1.1208795343262998e-06,1.0544124260395585e-06,,1
2546,E24_I2_P45,,2.7678172816023394e-06,1.0887401222068862e-06,9.962419263931634e-07,,1
2547,E24_I2_P46,,0.0,0.0,0.0,,0
2548,E24_I2_P47,,0.0,0.0,0.0,,0
2549,E24_I2_P48,,0.0,0.0,0.0,,0
2550,E24_I2_P49,,2.5959501082621254e-06,1.0355712184235157e-06,9.046288273997598e-07,,1
2551,E24_I2_P50,,0.0,0.0,0.0,,0
2552,E24_I2_P51,,1.0652310266118286e-05,4.354938703160233e-06,3.984928998527569e-06,,4
2553,E24_I2_P52,,0.0,0.0,0.0,,0
2554,E24_I2_P53,,2.967770491467271e-06,1.1318510319994045e-06,1.0747649489056745e-06,,1
2555,E24_I2_P54,,0.0,0.0,0.0,,0
2556,E24_I2_P55,,0.0,0.0,0.0,,0
2557,E24_I2_P56,,1.1444594139298513e-05,4.458149558131868e-06,4.171052789365484e-06,,4
2558,E24_I2_P57,,0.0,0.0,0.0,,0
2559,E24_I2_P58,,0.0,0.0,0.0,,0
2560,E24_I2_P59,,0.0,0.0,0.0,,0
2561,E24_I2_P60,,0.0,0.0,0.0,,0
2562,E24_I2_P61,,6.517571188699288e-06,2.4358294611416142e-06,2.486945092604509e-06,,2
2563,E24_I2_P62,,0.0,0.0,0.0,,0
2564,E24_I2_P63,,0.0,0.0,0.0,,0
2565,E24_I2_P64,,0.0,0.0,0.0,,0
2566,E24_I2_P65,,0.0,0.0,0.0,,0
2567,E24_I2_P66,,2.985135356388434e-06,1.1442729499201222e-06,1.0981167298083787e-06,,1
2568,E24_I2_P67,,3.0851686182736353e-06,1.1677542210071878e-06,1.1431661243296045e-06,,1
2569,E24_I2_P68,,0.0,0.0,0.0,,0
2570,E24_I2_P69,,0.0,0.0,0.0,,0
2571,E24_I2_P70,,0.0,0.0,0.0,,0
2572,E24_I2_P71,,0.0,0.0,0.0,,0
2573,E24_I2_P72,,5.437935333949246e-06,2.1558811913755783e-06,1.9543464665415885e-06,,2
2574,E24_I2_P73,,0.0,0.0,0.0,,0
2575,E24_I2_P74,,0.0,0.0,0.0,,0
2576,E24_I2_P75,,0.0,0.0,0.0,,0
2577,E24_I2_P76,,0.0,0.0,0.0,,0
2578,E24_I2_P77,,2.9303998304548626e-06,1.1196445293698956e-06,1.0521373512705217e-06,,1
2579,E24_I2_P78,,0.0,0.0,0.0,,0
2580,E24_I2_P79,,0.0,0.0,0.0,,0
2581,E24_I2_P80,,0.0,0.0,0.0,,0
2582,E24_I2_P81,,2.013422411786975e-05,7.903102612583639e-06,7.486352779936789e-06,,7
2583,E24_I2_P82,,6.379634303066177e-06,2.3990931807673325e-06,2.4121756980534953e-06,,2
2584,E24_I2_P83,,2.7803782233387767e-06,1.092328476515203e-06,1.0026306521736407e-06,,1
2585,E24_I2_P84,,5.2085506286303725e-06,2.078987153801495e-06,1.8223898820913746e-06,,2
2586,E24_I2_P85,,0.0,0.0,0.0,,0
2587,E24_I2_P86,,2.6096874921708276e-06,1.0545197802586872e-06,9.366299585775401e-07,,1
2588,E24_I2_P87,,0.0,0.0,0.0,,0
2589,E24_I2_P88,,0.0,0.0,0.0,,0
2590,E24_I2_P89,,0.0,0.0,0.0,,0
2591,E24_I2_P90,,0.0,0.0,0.0,,0
2592,E24_I2_P91,,2.7302267836541644e-06,1.0762145627108934e-06,9.741475843331742e-07,,1
2593,E24_I2_P92,,2.200202339218742e-06,9.333650896595097e-07,7.43882957455474e-07,,1
2594,E24_I2_P93,,0.0,0.0,0.0,,0
2595,E24_I2_P94,,0.0,0.0,0.0,,0
2596,E24_I2_P95,,0.0,0.0,0.0,,0
2597,E24_I2_P96,,0.0,0.0,0.0,,0
2598,E24_I2_P97,,0.0,0.0,0.0,,0
2599,E24_I2_P98,,0.0,0.0,0.0,,0
2600,E24_I2_P99,,2.4486258015296358e-06,9.983829457837851e-07,8.438596028585745e-07,,1
2601,E25_I2_P0,,0.0,0.0,0.0,,0
2602,E25_I2_P1,,0.0,0.0,0.0,,0
2603,E25_I2_P2,,0.0,0.0,0.0,,0
2604,E25_I2_P3,,7.293325145496624e-06,3.006270013470678e-06,2.549393977184199e-06,,3
2605,E25_I2_P4,,0.0,0.0,0.0,,0
2606,E25_I2_P5,,0.0,0.0,0.0,,0
2607,E25_I2_P6,,0.0,0.0,0.0,,0
2608,E25_I2_P7,,0.0,0.0,0.0,,0
2609,E25_I2_P8,,0.0,0.0,0.0,,0
2610,E25_I2_P9,,0.0,0.0,0.0,,0
2611,E25_I2_P10,,0.0,0.0,0.0,,0
2612,E25_I2_P11,,2.750720593486063e-06,1.0713232129808251e-06,9.656060771384071e-07,,1
2613,E25_I2_P12,,0.0,0.0,0.0,,0
2614,E25_I2_P13,,0.0,0.0,0.0,,0
2615,E25_I2_P14,,5.849976014662507e-06,2.2694247940056736e-06,2.160229632409925e-06,,2
2616,E25_I2_P15,,1.0604898964020563e-05,4.297162479636595e-06,3.8831285104391845e-06,,4
2617,E25_I2_P16,,0.0,0.0,0.0,,0
2618,E25_I2_P17,,0.0,0.0,0.0,,0
2619,E25_I2_P18,,0.0,0.0,0.0,,0
2620,E25_I2_P19,,0.0,0.0,0.0,,0
2621,E25_I2_P20,,0.0,0.0,0.0,,0
2622,E25_I2_P21,,0.0,0.0,0.0,,0
2623,E25_I2_P22,,7.598970400010713e-06,3.079580200382405e-06,2.6688088305546586e-06,,3
2624,E25_I2_P23,,0.0,0.0,0.0,,0
2625,E25_I2_P24,,0.0,0.0,0.0,,0
2626,E25_I2_P25,,0.0,0.0,0.0,,0
2627,E25_I2_P26,,0.0,0.0,0.0,,0
2628,E25_I2_P27,,0.0,0.0,0.0,,0
2629,E25_I2_P28,,0.0,0.0,0.0,,0
2630,E25_I2_P29,,0.0,0.0,0.0,,0
2631,E25_I2_P30,,0.0,0.0,0.0,,0
2632,E25_I2_P31,,0.0,0.0,0.0,,0
2633,E25_I2_P32,,0.0,0.0,0.0,,0
2634,E25_I2_P33,,9.182434149335376e-05,4.1877043141954574e-05,3.782505910165485e-05,,39
2635,E25_I2_P34,,0.0,0.0,0.0,,0
2636,E25_I2_P35,,0.0,0.0,0.0,,0
2637,E25_I2_P36,,2.6921899037530057e-06,1.051045195698615e-06,9.307087347014752e-07,,1
2638,E25_I2_P37,,0.0,0.0,0.0,,0
2639,E25_I2_P38,,0.0,0.0,0.0,,0
2640,E25_I2_P39,,0.0,0.0,0.0,,0
2641,E25_I2_P40,,0.0,0.0,0.0,,0
2642,E25_I2_P41,,0.0,0.0,0.0,,0
2643,E25_I2_P42,,0.0,0.0,0.0,,0
2644,E25_I2_P43,,0.0,0.0,0.0,,0
2645,E25_I2_P44,,0.0,0.0,0.0,,0
2646,E25_I2_P45,,0.0,0.0,0.0,,0
2647,E25_I2_P46,,2.8417182007708176e-06,1.0969338489412116e-06,1.01086886200427e-06,,1
2648,E25_I2_P47,,0.0,0.0,0.0,,0
2649,E25_I2_P48,,0.0,0.0,0.0,,0
2650,E25_I2_P49,,0.0,0.0,0.0,,0
2651,E25_I2_P50,,0.0,0.0,0.0,,0
2652,E25_I2_P51,,2.757126974609588e-06,1.0713005904890021e-06,9.655666850526656e-07,,1
2653,E25_I2_P52,,2.8675846099946825e-06,1.1078972856939235e-06,1.0306568891683115e-06,,1
2654,E25_I2_P53,,0.0,0.0,0.0,,0
2655,E25_I2_P54,,0.0,0.0,0.0,,0
2656,E25_I2_P55,,8.186275883733389e-06,3.2468254277033287e-06,2.9543944894633984e-06,,3
2657,E25_I2_P56,,0.0,0.0,0.0,,0
2658,E25_I2_P57,,0.0,0.0,0.0,,0
2659,E25_I2_P58,,0.0,0.0,0.0,,0
2660,E25_I2_P59,,0.0,0.0,0.0,,0
2661,E25_I2_P60,,0.0,0.0,0.0,,0
2662,E25_I2_P61,,0.0,0.0,0.0,,0
2663,E25_I2_P62,,3.058346882739771e-06,1.1585211966060894e-06,1.1253097063307392e-06,,1
2664,E25_I2_P63,,0.0,0.0,0.0,,0
2665,E25_I2_P64,,1.3930977684842863e-05,5.568298621053035e-06,5.205788732955272e-06,,5
2666,E25_I2_P65,,0.0,0.0,0.0,,0
2667,E25_I2_P66,,2.796732869813016e-06,1.0805913741796374e-06,9.818316953926076e-07,,1
2668,E25_I2_P67,,0.0,0.0,0.0,,0
2669,E25_I2_P68,,2.605883525667723e-06,1.03504924196506e-06,9.037573032062824e-07,,1
2670,E25_I2_P69,,0.0,0.0,0.0,,0
2671,E25_I2_P70,,2.5300197623107466e-06,1.0243846870178245e-06,8.860676494929034e-07,,1
2672,E25_I2_P71,,0.0,0.0,0.0,,0
2673,E25_I2_P72,,2.7221241902862523e-06,1.0773609125154512e-06,9.76156403683624e-07,,1
2674,E25_I2_P73,,0.0,0.0,0.0,,0
2675,E25_I2_P74,,0.0,0.0,0.0,,0
2676,E25_I2_P75,,5.606519005797587e-06,2.2042567671027622e-06,2.0404269797497827e-06,,2
2677,E25_I2_P76,,0.0,0.0,0.0,,0
2678,E25_I2_P77,,0.0,0.0,0.0,,0
2679,E25_I2_P78,,0.0,0.0,0.0,,0
2680,E25_I2_P79,,0.0,0.0,0.0,,0
2681,E25_I2_P80,,0.0,0.0,0.0,,0
2682,E25_I2_P81,,0.0,0.0,0.0,,0
2683,E25_I2_P82,,4.789434183188459e-05,2.0158221031104402e-05,1.800567273457838e-05,,19
2684,E25_I2_P83,,0.0,0.0,0.0,,0
2685,E25_I2_P84,,2.5579610702009504e-06,1.042301755408029e-06,9.159144719066134e-07,,1
2686,E25_I2_P85,,2.694818057116919e-06,1.0625295880118862e-06,9.503715952937599e-07,,1
2687,E25_I2_P86,,5.308319459402085e-06,2.1348733487768783e-06,1.917707342517873e-06,,2
2688,E25_I2_P87,,0.0,0.0,0.0,,0
2689,E25_I2_P88,,0.0,0.0,0.0,,0
2690,E25_I2_P89,,0.0,0.0,0.0,,0
2691,E25_I2_P90,,0.0,0.0,0.0,,0
2692,E25_I2_P91,,0.0,0.0,0.0,,0
2693,E25_I2_P92,,0.0,0.0,0.0,,0
2694,E25_I2_P93,,3.0785618571118923e-06,1.1698521754065257e-06,1.1472494693971204e-06,,1
2695,E25_I2_P94,,0.0,0.0,0.0,,0
2696,E25_I2_P95,,0.0,0.0,0.0,,0
2697,E25_I2_P96,,0.0,0.0,0.0,,0
2698,E25_I2_P97,,2.9244209026928447e-06,1.127465129711537e-06,1.0665984043687871e-06,,1
2699,E25_I2_P98,,0.0,0.0,0.0,,0
2700,E25_I2_P99,,0.0,0.0,0.0,,0
2701,E26_I2_P0,,0.0,0.0,0.0,,0
2702,E26_I2_P1,,0.0,0.0,0.0,,0
2703,E26_I2_P2,,0.0,0.0,0.0,,0
2704,E26_I2_P3,,2.8351892283101257e-06,1.1006629840484904e-06,1.0175716822011703e-06,,1
2705,E26_I2_P4,,0.0,0.0,0.0,,0
2706,E26_I2_P5,,2.821068921604815e-06,1.1056830430268787e-06,1.0266402888555118e-06,,1
2707,E26_I2_P6,,0.0,0.0,0.0,,0
2708,E26_I2_P7,,0.0,0.0,0.0,,0
2709,E26_I2_P8,,0.0,0.0,0.0,,0
2710,E26_I2_P9,,0.0,0.0,0.0,,0
2711,E26_I2_P10,,2.977049505788097e-06,1.142043008547937e-06,1.0939004113065547e-06,,1
2712,E26_I2_P11,,0.0,0.0,0.0,,0
2713,E26_I2_P12,,0.0,0.0,0.0,,0
2714,E26_I2_P13,,0.0,0.0,0.0,,0
2715,E26_I2_P14,,0.0,0.0,0.0,,0
2716,E26_I2_P15,,0.0,0.0,0.0,,0
2717,E26_I2_P16,,0.0,0.0,0.0,,0
2718,E26_I2_P17,,0.0,0.0,0.0,,0
2719,E26_I2_P18,,0.0,0.0,0.0,,0
2720,E26_I2_P19,,5.920623741819095e-06,2.3246609089229987e-06,2.2653083877573675e-06,,2
2721,E26_I2_P20,,0.0,0.0,0.0,,0
2722,E26_I2_P21,,0.0,0.0,0.0,,0
2723,E26_I2_P22,,2.641456470124324e-06,1.0436320322357341e-06,9.181556090126156e-07,,1
2724,E26_I2_P23,,0.0,0.0,0.0,,0
2725,E26_I2_P24,,0.0,0.0,0.0,,0
2726,E26_I2_P25,,0.0,0.0,0.0,,0
2727,E26_I2_P26,,5.041965123072871e-06,2.039765416389323e-06,1.7573329660507437e-06,,2
2728,E26_I2_P27,,0.0,0.0,0.0,,0
2729,E26_I2_P28,,0.0,0.0,0.0,,0
2730,E26_I2_P29,,0.0,0.0,0.0,,0
2731,E26_I2_P30,,0.0,0.0,0.0,,0
2732,E26_I2_P31,,2.6437229740262406e-06,1.0512140742535197e-06,9.309959748389028e-07,,1
2733,E26_I2_P32,,0.0,0.0,0.0,,0
2734,E26_I2_P33,,2.8171655952333696e-06,1.0863126879285879e-06,9.91935071897934e-07,,1
2735,E26_I2_P34,,0.0,0.0,0.0,,0
2736,E26_I2_P35,,0.0,0.0,0.0,,0
2737,E26_I2_P36,,0.0,0.0,0.0,,0
2738,E26_I2_P37,,0.0,0.0,0.0,,0
2739,E26_I2_P38,,3.6121216638322103e-06,1.285232035601418e-06,1.3871573504601027e-06,,1
2740,E26_I2_P39,,0.0,0.0,0.0,,0
2741,E26_I2_P40,,0.0,0.0,0.0,,0
2742,E26_I2_P41,,0.0,0.0,0.0,,0
2743,E26_I2_P42,,0.0,0.0,0.0,,0
2744,E26_I2_P43,,0.0,0.0,0.0,,0
2745,E26_I2_P44,,0.0,0.0,0.0,,0
2746,E26_I2_P45,,0.0,0.0,0.0,,0
2747,E26_I2_P46,,0.0,0.0,0.0,,0
2748,E26_I2_P47,,0.0,0.0,0.0,,0
2749,E26_I2_P48,,0.0,0.0,0.0,,0
2750,E26_I2_P49,,0.0,0.0,0.0,,0
2751,E26_I2_P50,,0.0,0.0,0.0,,0
2752,E26_I2_P51,,0.0,0.0,0.0,,0
2753,E26_I2_P52,,5.555887351438675e-06,2.157538246658689e-06,1.957255497196721e-06,,2
2754,E26_I2_P53,,0.0,0.0,0.0,,0
2755,E26_I2_P54,,0.0,0.0,0.0,,0
2756,E26_I2_P55,,0.0,0.0,0.0,,0
2757,E26_I2_P56,,0.0,0.0,0.0,,0
2758,E26_I2_P57,,0.0,0.0,0.0,,0
2759,E26_I2_P58,,2.7953978026629827e-06,1.0930469494617857e-06,1.003913001903168e-06,,1
2760,E26_I2_P59,,0.0,0.0,0.0,,0
2761,E26_I2_P60,,0.0,0.0,0.0,,0
2762,E26_I2_P61,,2.5039952273033414e-06,1.0213822463491096e-06,8.811273319310192e-07,,1
2763,E26_I2_P62,,0.0,0.0,0.0,,0
2764,E26_I2_P63,,0.0,0.0,0.0,,0
2765,E26_I2_P64,,0.0,0.0,0.0,,0
2766,E26_I2_P65,,0.0,0.0,0.0,,0
2767,E26_I2_P66,,5.693790831422976e-06,2.2219220643300814e-06,2.0724626192507947e-06,,2
2768,E26_I2_P67,,0.0,0.0,0.0,,0
2769,E26_I2_P68,,2.733664748010952e-06,1.071892667934075e-06,9.665979979338968e-07,,1
2770,E26_I2_P69,,0.0,0.0,0.0,,0
2771,E26_I2_P70,,0.0,0.0,0.0,,0
2772,E26_I2_P71,,0.0,0.0,0.0,,0
2773,E26_I2_P72,,0.0,0.0,0.0,,0
2774,E26_I2_P73,,2.869622767112641e-06,1.117630453242998e-06,1.0484339803743644e-06,,1
2775,E26_I2_P74,,0.0,0.0,0.0,,0
2776,E26_I2_P75,,0.0,0.0,0.0,,0
2777,E26_I2_P76,,0.0,0.0,0.0,,0
2778,E26_I2_P77,,2.72282097799484e-06,1.0687937928667277e-06,9.612080462725555e-07,,1
2779,E26_I2_P78,,0.0,0.0,0.0,,0
2780,E26_I2_P79,,0.0,0.0,0.0,,0
2781,E26_I2_P80,,0.0,0.0,0.0,,0
2782,E26_I2_P81,,0.0,0.0,0.0,,0
2783,E26_I2_P82,,0.0,0.0,0.0,,0
2784,E26_I2_P83,,5.643291837044906e-06,2.2111921535225638e-06,2.0529654829780935e-06,,2
2785,E26_I2_P84,,0.0,0.0,0.0,,0
2786,E26_I2_P85,,5.223699035390895e-06,2.0968238919908904e-06,1.852474489110692e-06,,2
2787,E26_I2_P86,,0.0,0.0,0.0,,0
2788,E26_I2_P87,,0.0,0.0,0.0,,0
2789,E26_I2_P88,,0.0,0.0,0.0,,0
2790,E26_I2_P89,,0.0,0.0,0.0,,0
2791,E26_I2_P90,,2.4809281602835103e-06,1.0080966115767227e-06,8.594757198109155e-07,,1
2792,E26_I2_P91,,4.9753204590960826e-06,2.0388110647973513e-06,1.7557686327105403e-06,,2
2793,E26_I2_P92,,0.0,0.0,0.0,,0
2794,E26_I2_P93,,0.0,0.0,0.0,,0
2795,E26_I2_P94,,0.0,0.0,0.0,,0
2796,E26_I2_P95,,0.0,0.0,0.0,,0
2797,E26_I2_P96,,0.0,0.0,0.0,,0
2798,E26_I2_P97,,0.0,0.0,0.0,,0
2799,E26_I2_P98,,0.0,0.0,0.0,,0
2800,E26_I2_P99,,0.0,0.0,0.0,,0
2801,E27_I2_P0,,0.0,0.0,0.0,,0
2802,E27_I2_P1,,0.0,0.0,0.0,,0
2803,E27_I2_P2,,0.0,0.0,0.0,,0
2804,E27_I2_P3,,0.0,0.0,0.0,,0
2805,E27_I2_P4,,2.2470779748293464e-05,9.616619598786873e-06,7.86434013271074e-06,,10
2806,E27_I2_P5,,0.0,0.0,0.0,,0
2807,E27_I2_P6,,0.0,0.0,0.0,,0
2808,E27_I2_P7,,0.0,0.0,0.0,,0
2809,E27_I2_P8,,0.0,0.0,0.0,,0
2810,E27_I2_P9,,0.0,0.0,0.0,,0
2811,E27_I2_P10,,0.0,0.0,0.0,,0
2812,E27_I2_P11,,4.567769310056283e-06,1.907704467573965e-06,1.5490882840903985e-06,,2
2813,E27_I2_P12,,7.86811407968391e-06,3.1542484783275062e-06,2.794019308536102e-06,,3
2814,E27_I2_P13,,0.0,0.0,0.0,,0
2815,E27_I2_P14,,0.0,0.0,0.0,,0
2816,E27_I2_P15,,0.0,0.0,0.0,,0
2817,E27_I2_P16,,0.0,0.0,0.0,,0
2818,E27_I2_P17,,2.8602980546930228e-06,1.102120884418038e-06,1.0201999591920018e-06,,1
2819,E27_I2_P18,,0.0,0.0,0.0,,0
2820,E27_I2_P19,,0.0,0.0,0.0,,0
2821,E27_I2_P20,,0.0,0.0,0.0,,0
2822,E27_I2_P21,,0.0,0.0,0.0,,0
2823,E27_I2_P22,,0.0,0.0,0.0,,0
2824,E27_I2_P23,,0.0,0.0,0.0,,0
2825,E27_I2_P24,,0.0,0.0,0.0,,0
2826,E27_I2_P25,,0.0,0.0,0.0,,0
2827,E27_I2_P26,,0.0,0.0,0.0,,0
2828,E27_I2_P27,,0.0,0.0,0.0,,0
2829,E27_I2_P28,,2.4763657485389624e-06,1.0018839307678238e-06,8.494671929399083e-07,,1
2830,E27_I2_P29,,2.4665358329823176e-06,1.0069476149054852e-06,8.576191420592507e-07,,1
2831,E27_I2_P30,,0.0,0.0,0.0,,0
2832,E27_I2_P31,,0.0,0.0,0.0,,0
2833,E27_I2_P32,,0.0,0.0,0.0,,0
2834,E27_I2_P33,,5.417078324312428e-06,2.139492247167163e-06,1.925724794669594e-06,,2
2835,E27_I2_P34,,2.78915817560895e-06,1.0912750105478167e-06,1.000752315553217e-06,,1
2836,E27_I2_P35,,5.4050205278902235e-06,2.1394887801093824e-06,1.925718768512476e-06,,2
2837,E27_I2_P36,,7.924970991482789e-06,3.1506155076704833e-06,2.7878424051274003e-06,,3
2838,E27_I2_P37,,0.0,0.0,0.0,,0
2839,E27_I2_P38,,0.0,0.0,0.0,,0
2840,E27_I2_P39,,5.5174625466575606e-06,2.1430119580541026e-06,1.9318487236879188e-06,,2
2841,E27_I2_P40,,0.0,0.0,0.0,,0
2842,E27_I2_P41,,0.0,0.0,0.0,,0
2843,E27_I2_P42,,0.0,0.0,0.0,,0
2844,E27_I2_P43,,7.3719436180490484e-06,3.0529323242914937e-06,2.6250026250026253e-06,,3
2845,E27_I2_P44,,5.783979600642471e-06,2.2399968369534255e-06,2.105577886378806e-06,,2
2846,E27_I2_P45,,1.0663817207163389e-05,4.2622827846343295e-06,3.822490242496392e-06,,4
2847,E27_I2_P46,,0.0,0.0,0.0,,0
2848,E27_I2_P47,,0.0,0.0,0.0,,0
2849,E27_I2_P48,,0.0,0.0,0.0,,0
2850,E27_I2_P49,,0.0,0.0,0.0,,0
2851,E27_I2_P50,,0.0,0.0,0.0,,0
2852,E27_I2_P51,,0.0,0.0,0.0,,0
2853,E27_I2_P52,,4.9184737481093965e-06,2.015400758365382e-06,1.7176703837769468e-06,,2
2854,E27_I2_P53,,0.0,0.0,0.0,,0
2855,E27_I2_P54,,0.0,0.0,0.0,,0
2856,E27_I2_P55,,0.0,0.0,0.0,,0
2857,E27_I2_P56,,2.527304363303261e-06,1.0052120598779619e-06,8.548195796424718e-07,,1
2858,E27_I2_P57,,2.5776619639593674e-06,1.030212421104405e-06,8.957068100812698e-07,,1
2859,E27_I2_P58,,1.9335335142149984e-05,7.687000048215976e-06,7.0912717588076125e-06,,7
2860,E27_I2_P59,,0.0,0.0,0.0,,0
2861,E27_I2_P60,,0.0,0.0,0.0,,0
2862,E27_I2_P61,,2.9126951898985363e-06,1.1260541181862453e-06,1.0639797631049057e-06,,1
2863,E27_I2_P62,,0.0,0.0,0.0,,0
2864,E27_I2_P63,,0.0,0.0,0.0,,0
2865,E27_I2_P64,,0.0,0.0,0.0,,0
2866,E27_I2_P65,,0.0,0.0,0.0,,0
2867,E27_I2_P66,,0.0,0.0,0.0,,0
2868,E27_I2_P67,,0.0,0.0,0.0,,0
2869,E27_I2_P68,,0.0,0.0,0.0,,0
2870,E27_I2_P69,,0.0,0.0,0.0,,0
2871,E27_I2_P70,,0.0,0.0,0.0,,0
2872,E27_I2_P71,,0.00014877963267084508,7.614390416476733e-05,6.613003040640926e-05,,74
2873,E27_I2_P72,,0.0,0.0,0.0,,0
2874,E27_I2_P73,,0.0,0.0,0.0,,0
2875,E27_I2_P74,,2.4246259692460895e-06,9.798800424149326e-07,8.146085378306242e-07,,1
2876,E27_I2_P75,,0.0,0.0,0.0,,0
2877,E27_I2_P76,,0.0,0.0,0.0,,0
2878,E27_I2_P77,,8.899330256716803e-06,3.438046026634283e-06,3.3042558815754697e-06,,3
2879,E27_I2_P78,,0.0,0.0,0.0,,0
2880,E27_I2_P79,,0.0,0.0,0.0,,0
2881,E27_I2_P80,,0.0,0.0,0.0,,0
2882,E27_I2_P81,,0.0,0.0,0.0,,0
2883,E27_I2_P82,,0.0,0.0,0.0,,0
2884,E27_I2_P83,,0.0,0.0,0.0,,0
2885,E27_I2_P84,,0.0,0.0,0.0,,0
2886,E27_I2_P85,,1.593747308352842e-05,6.453148624146206e-06,5.837640620249316e-06,,6
2887,E27_I2_P86,,0.0,0.0,0.0,,0
2888,E27_I2_P87,,0.0,0.0,0.0,,0
2889,E27_I2_P88,,0.0,0.0,0.0,,0
2890,E27_I2_P89,,0.0,0.0,0.0,,0
2891,E27_I2_P90,,0.0,0.0,0.0,,0
2892,E27_I2_P91,,0.0,0.0,0.0,,0
2893,E27_I2_P92,,0.0,0.0,0.0,,0
2894,E27_I2_P93,,0.0,0.0,0.0,,0
2895,E27_I2_P94,,0.0,0.0,0.0,,0
2896,E27_I2_P95,,0.0,0.0,0.0,,0
2897,E27_I2_P96,,0.0,0.0,0.0,,0
2898,E27_I2_P97,,2.826148336143787e-05,1.172700027343685e-05,1.0521749652184436e-05,,11
2899,E27_I2_P98,,0.0,0.0,0.0,,0
2900,E27_I2_P99,,7.721886851380247e-06,3.0912925684049344e-06,2.68820817484106e-06,,3
2901,E28_I2_P0,,2.6960927330165134e-06,1.0815858205986433e-06,9.83583015881915e-07,,1
2902,E28_I2_P1,,3.779480518488516e-05,1.5137825507889953e-05,1.4777760947550032e-05,,13
2903,E28_I2_P2,,0.0,0.0,0.0,,0
2904,E28_I2_P3,,0.0,0.0,0.0,,0
2905,E28_I2_P4,,0.0,0.0,0.0,,0
2906,E28_I2_P5,,4.402803874845097e-05,1.831543575281776e-05,1.6595185346256104e-05,,17
2907,E28_I2_P6,,0.0,0.0,0.0,,0
2908,E28_I2_P7,,0.0,0.0,0.0,,0
2909,E28_I2_P8,,0.0,0.0,0.0,,0
2910,E28_I2_P9,,0.0,0.0,0.0,,0
2911,E28_I2_P10,,5.336808136143017e-06,2.1128587760700633e-06,1.8797889091044522e-06,,2
2912,E28_I2_P11,,0.0,0.0,0.0,,0
2913,E28_I2_P12,,0.0,0.0,0.0,,0
2914,E28_I2_P13,,2.712993229929437e-06,1.0832055889870191e-06,9.86439903861567e-07,,1
2915,E28_I2_P14,,0.0,0.0,0.0,,0
2916,E28_I2_P15,,0.0,0.0,0.0,,0
2917,E28_I2_P16,,2.979135267350213e-05,1.2118630213457405e-05,1.1213722333963001e-05,,11
2918,E28_I2_P17,,0.0,0.0,0.0,,0
2919,E28_I2_P18,,0.0,0.0,0.0,,0
2920,E28_I2_P19,,0.0,0.0,0.0,,0
2921,E28_I2_P20,,0.0,0.0,0.0,,0
2922,E28_I2_P21,,0.0,0.0,0.0,,0
2923,E28_I2_P22,,0.0,0.0,0.0,,0
2924,E28_I2_P23,,0.0,0.0,0.0,,0
2925,E28_I2_P24,,0.0,0.0,0.0,,0
2926,E28_I2_P25,,1.3895911628299503e-05,5.8676157702482024e-06,4.869435224642264e-06,,6
2927,E28_I2_P26,,0.0,0.0,0.0,,0
2928,E28_I2_P27,,0.0,0.0,0.0,,0
2929,E28_I2_P28,,0.0,0.0,0.0,,0
2930,E28_I2_P29,,3.2252491465684364e-06,1.2012582601203187e-06,1.2095393953028747e-06,,1
2931,E28_I2_P30,,5.4338953093896856e-06,2.1682690962874578e-06,1.97616156306475e-06,,2
2932,E28_I2_P31,,9.01821926422521e-06,3.448413085599445e-06,3.3239597667909833e-06,,3
2933,E28_I2_P32,,1.1358841160870453e-05,4.4762735231191754e-06,4.204308364997031e-06,,4
2934,E28_I2_P33,,2.522655321355618e-06,1.0189426770211104e-06,8.77126043889633e-07,,1
2935,E28_I2_P34,,1.0381278229129903e-05,4.230697601340191e-06,3.768106931338498e-06,,4
2936,E28_I2_P35,,2.7814510233479966e-06,1.0781617270019038e-06,9.775613022582887e-07,,1
2937,E28_I2_P36,,0.0,0.0,0.0,,0
2938,E28_I2_P37,,0.0,0.0,0.0,,0
2939,E28_I2_P38,,0.0,0.0,0.0,,0
2940,E28_I2_P39,,0.0,0.0,0.0,,0
2941,E28_I2_P40,,0.0,0.0,0.0,,0
2942,E28_I2_P41,,0.0,0.0,0.0,,0
2943,E28_I2_P42,,0.0,0.0,0.0,,0
2944,E28_I2_P43,,2.522626764324344e-06,1.0106498925780443e-06,8.636104356957829e-07,,1
2945,E28_I2_P44,,0.0,0.0,0.0,,0
2946,E28_I2_P45,,0.0,0.0,0.0,,0
2947,E28_I2_P46,,0.0,0.0,0.0,,0
2948,E28_I2_P47,,0.0,0.0,0.0,,0
2949,E28_I2_P48,,0.0,0.0,0.0,,0
2950,E28_I2_P49,,0.0,0.0,0.0,,0
2951,E28_I2_P50,,0.0,0.0,0.0,,0
2952,E28_I2_P51,,5.5834182889579985e-06,2.2046168061324957e-06,2.04107666794234e-06,,2
2953,E28_I2_P52,,0.0,0.0,0.0,,0
2954,E28_I2_P53,,0.0,0.0,0.0,,0
2955,E28_I2_P54,,0.0,0.0,0.0,,0
2956,E28_I2_P55,,0.0,0.0,0.0,,0
2957,E28_I2_P56,,0.0,0.0,0.0,,0
2958,E28_I2_P57,,0.0,0.0,0.0,,0
2959,E28_I2_P58,,0.0,0.0,0.0,,0
2960,E28_I2_P59,,1.3248150002117165e-05,5.311626359017037e-06,4.750097376996229e-06,,5
2961,E28_I2_P60,,0.0,0.0,0.0,,0
2962,E28_I2_P61,,0.0,0.0,0.0,,0
2963,E28_I2_P62,,0.0,0.0,0.0,,0
2964,E28_I2_P63,,2.314765632889589e-06,9.780430180612364e-07,8.117395395691571e-07,,1
2965,E28_I2_P64,,0.0,0.0,0.0,,0
2966,E28_I2_P65,,3.0023750399417245e-06,1.149018720715343e-06,1.1071254594570658e-06,,1
2967,E28_I2_P66,,0.0,0.0,0.0,,0
2968,E28_I2_P67,,2.5648511007781025e-06,1.029794745015763e-06,8.950137664304949e-07,,1
2969,E28_I2_P68,,0.0,0.0,0.0,,0
2970,E28_I2_P69,,0.0,0.0,0.0,,0
2971,E28_I2_P70,,3.0589770300490706e-05,1.2264884182750523e-05,1.147949865898584e-05,,11
2972,E28_I2_P71,,0.0,0.0,0.0,,0
2973,E28_I2_P72,,0.0,0.0,0.0,,0
2974,E28_I2_P73,,2.427233024168603e-06,9.91922001870572e-07,8.335721170126859e-07,,1
2975,E28_I2_P74,,0.0,0.0,0.0,,0
2976,E28_I2_P75,,2.539660942064388e-06,1.0105512636211193e-06,8.634504862953139e-07,,1
2977,E28_I2_P76,,1.2830596361923026e-05,5.267179761560161e-06,4.6739018667564055e-06,,5
2978,E28_I2_P77,,2.609508705176357e-05,1.0630783453733254e-05,9.513177415526552e-06,,10
2979,E28_I2_P78,,1.0755844403514109e-05,4.289077028658124e-06,3.8690173203814756e-06,,4
2980,E28_I2_P79,,0.0,0.0,0.0,,0
2981,E28_I2_P80,,0.0,0.0,0.0,,0
2982,E28_I2_P81,,0.0,0.0,0.0,,0
2983,E28_I2_P82,,2.570508748845857e-06,1.0380455952667904e-06,9.087674704866405e-07,,1
2984,E28_I2_P83,,0.0,0.0,0.0,,0
2985,E28_I2_P84,,0.0,0.0,0.0,,0
2986,E28_I2_P85,,0.0,0.0,0.0,,0
2987,E28_I2_P86,,2.1295524858756356e-05,8.679344605205529e-06,7.91572914749576e-06,,8
2988,E28_I2_P87,,0.0,0.0,0.0,,0
2989,E28_I2_P88,,2.381064514652011e-06,9.684179622585736e-07,7.968103680965096e-07,,1
2990,E28_I2_P89,,0.0,0.0,0.0,,0
2991,E28_I2_P90,,0.0,0.0,0.0,,0
2992,E28_I2_P91,,0.0,0.0,0.0,,0
2993,E28_I2_P92,,2.5425646032883593e-06,1.0248555580320524e-06,8.86844023646809e-07,,1
2994,E28_I2_P93,,0.0,0.0,0.0,,0
2995,E28_I2_P94,,0.0,0.0,0.0,,0
2996,E28_I2_P95,,3.2821313069031694e-06,1.2162607131991724e-06,1.2400747517060329e-06,,1
2997,E28_I2_P96,,5.14423701515871e-06,2.063472241338103e-06,1.7964758981425113e-06,,2
2998,E28_I2_P97,,0.0,0.0,0.0,,0
2999,E28_I2_P98,,0.0,0.0,0.0,,0
3000,E28_I2_P99,,0.0,0.0,0.0,,0
3001,E29_I2_P0,,5.019704708724468e-06,2.0553166586859477e-06,1.7829483279287712e-06,,2
3002,E29_I2_P1,,0.0,0.0,0.0,,0
3003,E29_I2_P2,,0.0,0.0,0.0,,0
3004,E29_I2_P3,,0.0,0.0,0.0,,0
3005,E29_I2_P4,,0.0,0.0,0.0,,0
3006,E29_I2_P5,,0.0,0.0,0.0,,0
3007,E29_I2_P6,,0.0,0.0,0.0,,0
3008,E29_I2_P7,,0.0,0.0,0.0,,0
3009,E29_I2_P8,,0.0,0.0,0.0,,0
3010,E29_I2_P9,,0.0,0.0,0.0,,0
3011,E29_I2_P10,,0.0,0.0,0.0,,0
3012,E29_I2_P11,,0.0,0.0,0.0,,0
3013,E29_I2_P12,,0.0,0.0,0.0,,0
3014,E29_I2_P13,,0.0,0.0,0.0,,0
3015,E29_I2_P14,,0.0,0.0,0.0,,0
3016,E29_I2_P15,,0.0,0.0,0.0,,0
3017,E29_I2_P16,,0.0,0.0,0.0,,0
3018,E29_I2_P17,,0.0,0.0,0.0,,0
3019,E29_I2_P18,,0.0,0.0,0.0,,0
3020,E29_I2_P19,,0.0,0.0,0.0,,0
3021,E29_I2_P20,,0.0,0.0,0.0,,0
3022,E29_I2_P21,,0.0,0.0,0.0,,0
3023,E29_I2_P22,,0.0,0.0,0.0,,0
3024,E29_I2_P23,,0.0,0.0,0.0,,0
3025,E29_I2_P24,,0.0,0.0,0.0,,0
3026,E29_I2_P25,,3.557478189918264e-05,1.5043824636400928e-05,1.3597513597513598e-05,,14
3027,E29_I2_P26,,2.381539467452405e-06,9.811359913507883e-07,8.165736691329233e-07,,1
3028,E29_I2_P27,,0.0,0.0,0.0,,0
3029,E29_I2_P28,,0.0,0.0,0.0,,0
3030,E29_I2_P29,,1.677582859992581e-05,6.637549380164057e-06,6.166096131494056e-06,,6
3031,E29_I2_P30,,0.0,0.0,0.0,,0
3032,E29_I2_P31,,5.4245216290704705e-06,2.116686024846388e-06,1.8863462251736205e-06,,2
3033,E29_I2_P32,,0.0,0.0,0.0,,0
3034,E29_I2_P33,,0.0,0.0,0.0,,0
3035,E29_I2_P34,,0.0,0.0,0.0,,0
3036,E29_I2_P35,,0.0,0.0,0.0,,0
3037,E29_I2_P36,,2.8960003395143992e-06,1.115821481992705e-06,1.0451150018420154e-06,,1
3038,E29_I2_P37,,0.0,0.0,0.0,,0
3039,E29_I2_P38,,2.0770533569693006e-05,8.448336401102737e-06,7.513853667699822e-06,,8
3040,E29_I2_P39,,5.323348860100248e-06,2.1293622777143996e-06,1.9081693500298153e-06,,2
3041,E29_I2_P40,,0.0,0.0,0.0,,0
3042,E29_I2_P41,,0.0,0.0,0.0,,0
3043,E29_I2_P42,,0.0,0.0,0.0,,0
3044,E29_I2_P43,,0.0,0.0,0.0,,0
3045,E29_I2_P44,,0.0,0.0,0.0,,0
3046,E29_I2_P45,,8.891603976810924e-06,3.4683638182702572e-06,3.3620960651708702e-06,,3
3047,E29_I2_P46,,0.0,0.0,0.0,,0
3048,E29_I2_P47,,4.876150748181411e-06,2.0178103414810886e-06,1.7215674527343658e-06,,2
3049,E29_I2_P48,,7.701518784734909e-06,3.134098354094455e-06,2.7598692925903032e-06,,3
3050,E29_I2_P49,,0.0,0.0,0.0,,0
3051,E29_I2_P50,,5.361380663494839e-06,2.123425879703007e-06,1.8979293590692555e-06,,2
3052,E29_I2_P51,,0.0,0.0,0.0,,0
3053,E29_I2_P52,,0.0,0.0,0.0,,0
3054,E29_I2_P53,,0.0,0.0,0.0,,0
3055,E29_I2_P54,,0.0,0.0,0.0,,0
3056,E29_I2_P55,,0.0,0.0,0.0,,0
3057,E29_I2_P56,,0.0,0.0,0.0,,0
3058,E29_I2_P57,,2.6717211176690116e-06,1.0644671814712756e-06,9.537150180311745e-07,,1
3059,E29_I2_P58,,0.0,0.0,0.0,,0
3060,E29_I2_P59,,1.6105028596622682e-05,6.4236932913891866e-06,5.7862459487237354e-06,,6
3061,E29_I2_P60,,8.926159103510972e-06,3.4727045393828393e-06,3.37043148544746e-06,,3
3062,E29_I2_P61,,0.0,0.0,0.0,,0
3063,E29_I2_P62,,0.0,0.0,0.0,,0
3064,E29_I2_P63,,0.0,0.0,0.0,,0
3065,E29_I2_P64,,0.0,0.0,0.0,,0
3066,E29_I2_P65,,0.0,0.0,0.0,,0
3067,E29_I2_P66,,0.0,0.0,0.0,,0
3068,E29_I2_P67,,0.0,0.0,0.0,,0
3069,E29_I2_P68,,2.4215943624252778e-06,9.97970512402665e-07,8.432005362755412e-07,,1
3070,E29_I2_P69,,0.0,0.0,0.0,,0
3071,E29_I2_P70,,1.6723273524154663e-05,6.702598626878374e-06,6.284757655816818e-06,,6
3072,E29_I2_P71,,0.0,0.0,0.0,,0
3073,E29_I2_P72,,2.74763831921765e-06,1.0864372425561115e-06,9.921557684556475e-07,,1
3074,E29_I2_P73,,0.0,0.0,0.0,,0
3075,E29_I2_P74,,0.0,0.0,0.0,,0
3076,E29_I2_P75,,0.0,0.0,0.0,,0
3077,E29_I2_P76,,0.0,0.0,0.0,,0
3078,E29_I2_P77,,0.0,0.0,0.0,,0
3079,E29_I2_P78,,3.3193674006583895e-05,1.3328982722482866e-05,1.2430129079121658e-05,,12
3080,E29_I2_P79,,0.0,0.0,0.0,,0
3081,E29_I2_P80,,0.0,0.0,0.0,,0
3082,E29_I2_P81,,0.0,0.0,0.0,,0
3083,E29_I2_P82,,7.50679932805507e-06,3.1030646066986757e-06,2.707796287069731e-06,,3
3084,E29_I2_P83,,0.0,0.0,0.0,,0
3085,E29_I2_P84,,0.0,0.0,0.0,,0
3086,E29_I2_P85,,0.0,0.0,0.0,,0
3087,E29_I2_P86,,0.0,0.0,0.0,,0
3088,E29_I2_P87,,0.0,0.0,0.0,,0
3089,E29_I2_P88,,0.0,0.0,0.0,,0
3090,E29_I2_P89,,0.0,0.0,0.0,,0
3091,E29_I2_P90,,3.9590176182941295e-05,1.633565128584692e-05,1.4951713441440868e-05,,15
3092,E29_I2_P91,,0.0,0.0,0.0,,0
3093,E29_I2_P92,,5.4639047787360315e-06,2.156443790629029e-06,1.9553338207002883e-06,,2
3094,E29_I2_P93,,0.0,0.0,0.0,,0
3095,E29_I2_P94,,0.0,0.0,0.0,,0
3096,E29_I2_P95,,0.0,0.0,0.0,,0
3097,E29_I2_P96,,0.0,0.0,0.0,,0
3098,E29_I2_P97,,0.0,0.0,0.0,,0
3099,E29_I2_P98,,0.0,0.0,0.0,,0
3100,E29_I2_P99,,0.0,0.0,0.0,,0
3101,E30_I2_P0,,2.5628418461544554e-06,1.030858646821004e-06,8.967797535828593e-07,,1
3102,E30_I2_P1,,0.0,0.0,0.0,,0
3103,E30_I2_P2,,0.0,0.0,0.0,,0
3104,E30_I2_P3,,0.0,0.0,0.0,,0
3105,E30_I2_P4,,0.0,0.0,0.0,,0
3106,E30_I2_P5,,0.0,0.0,0.0,,0
3107,E30_I2_P6,,5.6317923937238945e-06,2.2007992890174138e-06,2.034194814837417e-06,,2
3108,E30_I2_P7,,0.0,0.0,0.0,,0
3109,E30_I2_P8,,0.0,0.0,0.0,,0
3110,E30_I2_P9,,0.0,0.0,0.0,,0
3111,E30_I2_P10,,0.0,0.0,0.0,,0
3112,E30_I2_P11,,0.0,0.0,0.0,,0
3113,E30_I2_P12,,0.0,0.0,0.0,,0
3114,E30_I2_P13,,0.0,0.0,0.0,,0
3115,E30_I2_P14,,0.0,0.0,0.0,,0
3116,E30_I2_P15,,1.2608968953365127e-05,5.251984158316449e-06,4.64803239492658e-06,,5
3117,E30_I2_P16,,0.0,0.0,0.0,,0
3118,E30_I2_P17,,0.0,0.0,0.0,,0
3119,E30_I2_P18,,0.0,0.0,0.0,,0
3120,E30_I2_P19,,0.0,0.0,0.0,,0
3121,E30_I2_P20,,0.0,0.0,0.0,,0
3122,E30_I2_P21,,0.0,0.0,0.0,,0
3123,E30_I2_P22,,0.0,0.0,0.0,,0
3124,E30_I2_P23,,0.0,0.0,0.0,,0
3125,E30_I2_P24,,0.0,0.0,0.0,,0
3126,E30_I2_P25,,1.4795174088651441e-05,6.110644341050875e-06,5.257825122545664e-06,,6
3127,E30_I2_P26,,0.0,0.0,0.0,,0
3128,E30_I2_P27,,0.0,0.0,0.0,,0
3129,E30_I2_P28,,0.0,0.0,0.0,,0
3130,E30_I2_P29,,0.0,0.0,0.0,,0
3131,E30_I2_P30,,0.0,0.0,0.0,,0
3132,E30_I2_P31,,0.0,0.0,0.0,,0
3133,E30_I2_P32,,0.0,0.0,0.0,,0
3134,E30_I2_P33,,0.0,0.0,0.0,,0
3135,E30_I2_P34,,0.0,0.0,0.0,,0
3136,E30_I2_P35,,0.0,0.0,0.0,,0
3137,E30_I2_P36,,0.0,0.0,0.0,,0
3138,E30_I2_P37,,1.2332888721667579e-05,5.032023476522541e-06,4.283713791373714e-06,,5
3139,E30_I2_P38,,0.0,0.0,0.0,,0
3140,E30_I2_P39,,5.5264141815078494e-06,2.227924721917392e-06,2.083422312827944e-06,,2
3141,E30_I2_P40,,0.0,0.0,0.0,,0
3142,E30_I2_P41,,0.0,0.0,0.0,,0
3143,E30_I2_P42,,0.0,0.0,0.0,,0
3144,E30_I2_P43,,0.0,0.0,0.0,,0
3145,E30_I2_P44,,9.354759271758417e-06,3.5341500120915866e-06,3.4898938490620916e-06,,3
3146,E30_I2_P45,,0.0,0.0,0.0,,0
3147,E30_I2_P46,,0.0,0.0,0.0,,0
3148,E30_I2_P47,,0.0,0.0,0.0,,0
3149,E30_I2_P48,,0.0,0.0,0.0,,0
3150,E30_I2_P49,,0.0,0.0,0.0,,0
3151,E30_I2_P50,,0.0,0.0,0.0,,0
3152,E30_I2_P51,,0.0,0.0,0.0,,0
3153,E30_I2_P52,,2.660856190535009e-06,1.0492317472981445e-06,9.276278653844995e-07,,1
3154,E30_I2_P53,,0.0,0.0,0.0,,0
3155,E30_I2_P54,,1.896526520649246e-05,7.925130917096172e-06,6.652339191133763e-06,,8
3156,E30_I2_P55,,0.0,0.0,0.0,,0
3157,E30_I2_P56,,0.0,0.0,0.0,,0
3158,E30_I2_P57,,0.0,0.0,0.0,,0
3159,E30_I2_P58,,0.0,0.0,0.0,,0
3160,E30_I2_P59,,0.0,0.0,0.0,,0
3161,E30_I2_P60,,2.6513277105322766e-06,1.058521720682763e-06,9.434796709614648e-07,,1
3162,E30_I2_P61,,0.0,0.0,0.0,,0
3163,E30_I2_P62,,1.1434343889147746e-05,4.518433753464272e-06,4.282336592726773e-06,,4
3164,E30_I2_P63,,0.0,0.0,0.0,,0
3165,E30_I2_P64,,3.422756852235167e-06,1.2653780863593034e-06,1.3436697367280702e-06,,1
3166,E30_I2_P65,,2.5660336630576795e-06,1.01825322826856e-06,8.759973229521811e-07,,1
3167,E30_I2_P66,,0.0,0.0,0.0,,0
3168,E30_I2_P67,,0.0,0.0,0.0,,0
3169,E30_I2_P68,,5.389776648103535e-06,2.131625408527472e-06,1.9120824489952008e-06,,2
3170,E30_I2_P69,,2.7114834776220795e-06,1.0601725980939228e-06,9.463146250086351e-07,,1
3171,E30_I2_P70,,0.0,0.0,0.0,,0
3172,E30_I2_P71,,0.0,0.0,0.0,,0
3173,E30_I2_P72,,0.0,0.0,0.0,,0
3174,E30_I2_P73,,2.4665358329823176e-06,1.0069476149054852e-06,8.576191420592507e-07,,1
3175,E30_I2_P74,,0.0,0.0,0.0,,0
3176,E30_I2_P75,,0.0,0.0,0.0,,0
3177,E30_I2_P76,,2.529038117147486e-06,1.0208403404080004e-06,8.802375232932855e-07,,1
3178,E30_I2_P77,,0.0,0.0,0.0,,0
3179,E30_I2_P78,,0.0,0.0,0.0,,0
3180,E30_I2_P79,,0.0,0.0,0.0,,0
3181,E30_I2_P80,,0.0,0.0,0.0,,0
3182,E30_I2_P81,,0.0,0.0,0.0,,0
3183,E30_I2_P82,,2.7786299259214876e-06,1.095333412286149e-06,1.008001008001008e-06,,1
3184,E30_I2_P83,,3.0654252504750023e-06,1.164344048909878e-06,1.1365492942739228e-06,,1
3185,E30_I2_P84,,8.978568066004595e-06,3.4375223600515393e-06,3.3032626325021226e-06,,3
3186,E30_I2_P85,,0.0,0.0,0.0,,0
3187,E30_I2_P86,,2.7392692271170282e-06,1.0805593352158277e-06,9.81775305013043e-07,,1
3188,E30_I2_P87,,0.0,0.0,0.0,,0
3189,E30_I2_P88,,2.6722155339969132e-06,1.0729483422705082e-06,9.684385864670393e-07,,1
3190,E30_I2_P89,,0.0,0.0,0.0,,0
3191,E30_I2_P90,,3.637797242158464e-05,1.4706956481056397e-05,1.3958682300390844e-05,,13
3192,E30_I2_P91,,7.285808183282094e-06,2.980787083392923e-06,2.5086884242426272e-06,,3
3193,E30_I2_P92,,0.0,0.0,0.0,,0
3194,E30_I2_P93,,0.0,0.0,0.0,,0
3195,E30_I2_P94,,0.0,0.0,0.0,,0
3196,E30_I2_P95,,2.5663048228027444e-06,1.020061799045859e-06,8.789601549782545e-07,,1
3197,E30_I2_P96,,0.00011819454477189215,5.683138708169966e-05,5.038583654134823e-05,,54
3198,E30_I2_P97,,2.4300237783463536e-06,9.911837970867024e-07,8.32401737055945e-07,,1
3199,E30_I2_P98,,0.0,0.0,0.0,,0
3200,E30_I2_P99,,0.0,0.0,0.0,,0
3201,E31_I2_P0,,0.0,0.0,0.0,,0
3202,E31_I2_P1,,0.0,0.0,0.0,,0
3203,E31_I2_P2,,0.0,0.0,0.0,,0
3204,E31_I2_P3,,1.0385749917853006e-05,3.830701065728703e-06,4.106378471900223e-06,,3
3205,E31_I2_P4,,5.587697665274978e-06,2.209288815436109e-06,2.049519464542545e-06,,2
3206,E31_I2_P5,,0.0,0.0,0.0,,0
3207,E31_I2_P6,,0.0,0.0,0.0,,0
3208,E31_I2_P7,,0.0,0.0,0.0,,0
3209,E31_I2_P8,,0.0,0.0,0.0,,0
3210,E31_I2_P9,,0.0,0.0,0.0,,0
3211,E31_I2_P10,,0.0,0.0,0.0,,0
3212,E31_I2_P11,,6.459556193540683e-06,2.432292553658097e-06,2.479679798947562e-06,,2
3213,E31_I2_P12,,0.0,0.0,0.0,,0
3214,E31_I2_P13,,0.0,0.0,0.0,,0
3215,E31_I2_P14,,0.0,0.0,0.0,,0
3216,E31_I2_P15,,0.0,0.0,0.0,,0
3217,E31_I2_P16,,0.0,0.0,0.0,,0
3218,E31_I2_P17,,0.0,0.0,0.0,,0
3219,E31_I2_P18,,0.0,0.0,0.0,,0
3220,E31_I2_P19,,0.0,0.0,0.0,,0
3221,E31_I2_P20,,4.1003767186983186e-05,1.6478877190506735e-05,1.6259001244394275e-05,,14
3222,E31_I2_P21,,0.0,0.0,0.0,,0
3223,E31_I2_P22,,0.0,0.0,0.0,,0
3224,E31_I2_P23,,2.52772038028764e-06,1.0220787650353112e-06,8.822718500137855e-07,,1
3225,E31_I2_P24,,2.813532088077165e-06,1.1087934976077365e-06,1.0322855033307982e-06,,1
3226,E31_I2_P25,,3.0402581243793116e-06,1.1555515006965214e-06,1.1196058091867016e-06,,1
3227,E31_I2_P26,,1.129162492376477e-05,4.477585586268333e-06,4.206722552975783e-06,,4
3228,E31_I2_P27,,0.0,0.0,0.0,,0
3229,E31_I2_P28,,0.0,0.0,0.0,,0
3230,E31_I2_P29,,2.5440001757422325e-06,1.0186313595206983e-06,8.766162612316458e-07,,1
3231,E31_I2_P30,,0.0,0.0,0.0,,0
3232,E31_I2_P31,,0.0,0.0,0.0,,0
3233,E31_I2_P32,,0.0,0.0,0.0,,0
3234,E31_I2_P33,,2.685025040673569e-06,1.0683357351552575e-06,9.604129775803596e-07,,1
3235,E31_I2_P34,,0.0,0.0,0.0,,0
3236,E31_I2_P35,,0.0,0.0,0.0,,0
3237,E31_I2_P36,,2.516212236000915e-06,1.0153910154136053e-06,8.713213086636132e-07,,1
3238,E31_I2_P37,,3.4421596291228635e-05,1.410999491822539e-05,1.2873782220663065e-05,,13
3239,E31_I2_P38,,0.0,0.0,0.0,,0
3240,E31_I2_P39,,5.846368774298909e-06,2.2756426420082727e-06,2.1718945979551615e-06,,2
3241,E31_I2_P40,,0.0,0.0,0.0,,0
3242,E31_I2_P41,,0.0,0.0,0.0,,0
3243,E31_I2_P42,,1.2880484536174574e-05,5.1706316273891665e-06,4.51108825493062e-06,,5
3244,E31_I2_P43,,0.0,0.0,0.0,,0
3245,E31_I2_P44,,0.0,0.0,0.0,,0
3246,E31_I2_P45,,0.0,0.0,0.0,,0
3247,E31_I2_P46,,2.486329517862046e-06,1.0032187823868297e-06,8.516113977966259e-07,,1
3248,E31_I2_P47,,0.0,0.0,0.0,,0
3249,E31_I2_P48,,0.0,0.0,0.0,,0
3250,E31_I2_P49,,0.0,0.0,0.0,,0
3251,E31_I2_P50,,0.0,0.0,0.0,,0
3252,E31_I2_P51,,0.0,0.0,0.0,,0
3253,E31_I2_P52,,0.0,0.0,0.0,,0
3254,E31_I2_P53,,0.0,0.0,0.0,,0
3255,E31_I2_P54,,0.0,0.0,0.0,,0
3256,E31_I2_P55,,0.0,0.0,0.0,,0
3257,E31_I2_P56,,0.0,0.0,0.0,,0
3258,E31_I2_P57,,0.0,0.0,0.0,,0
3259,E31_I2_P58,,0.0,0.0,0.0,,0
3260,E31_I2_P59,,2.72522818239609e-05,1.1307144326782383e-05,9.811019692723323e-06,,11
3261,E31_I2_P60,,4.4232452396733606e-05,1.8401594908619775e-05,1.674671431927808e-05,,17
3262,E31_I2_P61,,0.0,0.0,0.0,,0
3263,E31_I2_P62,,0.0,0.0,0.0,,0
3264,E31_I2_P63,,0.0,0.0,0.0,,0
3265,E31_I2_P64,,9.255851346815258e-06,3.507417976458486e-06,3.437582806356664e-06,,3
3266,E31_I2_P65,,0.0,0.0,0.0,,0
3267,E31_I2_P66,,0.0,0.0,0.0,,0
3268,E31_I2_P67,,0.0,0.0,0.0,,0
3269,E31_I2_P68,,0.0,0.0,0.0,,0
3270,E31_I2_P69,,0.0,0.0,0.0,,0
3271,E31_I2_P70,,0.0,0.0,0.0,,0
3272,E31_I2_P71,,5.384399252070595e-06,2.1195700855620536e-06,1.8912972194857516e-06,,2
3273,E31_I2_P72,,0.0,0.0,0.0,,0
3274,E31_I2_P73,,0.0,0.0,0.0,,0
3275,E31_I2_P74,,0.0,0.0,0.0,,0
3276,E31_I2_P75,,5.941137556578187e-06,2.2607627730547306e-06,2.144047855148127e-06,,2
3277,E31_I2_P76,,4.599004677748796e-06,1.9233055228807315e-06,1.5728398862758122e-06,,2
3278,E31_I2_P77,,0.0,0.0,0.0,,0
3279,E31_I2_P78,,0.0,0.0,0.0,,0
3280,E31_I2_P79,,2.691398263956121e-06,1.0684791469505446e-06,9.606618575934076e-07,,1
3281,E31_I2_P80,,0.0,0.0,0.0,,0
3282,E31_I2_P81,,0.0,0.0,0.0,,0
3283,E31_I2_P82,,0.0,0.0,0.0,,0
3284,E31_I2_P83,,2.5806676248014147e-06,1.0344548980757773e-06,9.027655998459882e-07,,1
3285,E31_I2_P84,,0.0,0.0,0.0,,0
3286,E31_I2_P85,,0.0,0.0,0.0,,0
3287,E31_I2_P86,,0.0,0.0,0.0,,0
3288,E31_I2_P87,,0.0,0.0,0.0,,0
3289,E31_I2_P88,,0.0,0.0,0.0,,0
3290,E31_I2_P89,,2.874561430627711e-06,1.1153859232963364e-06,1.0443168927395173e-06,,1
3291,E31_I2_P90,,2.662626384845445e-06,1.0635014970349309e-06,9.520477356734667e-07,,1
3292,E31_I2_P91,,0.0,0.0,0.0,,0
3293,E31_I2_P92,,0.0,0.0,0.0,,0
3294,E31_I2_P93,,0.0,0.0,0.0,,0
3295,E31_I2_P94,,3.0260948094646825e-06,1.1458283211269203e-06,1.1010639029962703e-06,,1
3296,E31_I2_P95,,0.0,0.0,0.0,,0
3297,E31_I2_P96,,5.397860301178556e-06,2.1269620235985043e-06,1.9040247751703746e-06,,2
3298,E31_I2_P97,,0.0,0.0,0.0,,0
3299,E31_I2_P98,,0.0,0.0,0.0,,0
3300,E31_I2_P99,,0.0,0.0,0.0,,0
3301,E32_I2_P0,,0.0,0.0,0.0,,0
3302,E32_I2_P1,,0.0,0.0,0.0,,0
3303,E32_I2_P2,,0.0,0.0,0.0,,0
3304,E32_I2_P3,,0.0,0.0,0.0,,0
3305,E32_I2_P4,,1.2986889241897288e-05,5.259103173431204e-06,4.660140605762357e-06,,5
3306,E32_I2_P5,,0.0,0.0,0.0,,0
3307,E32_I2_P6,,2.90933021426431e-06,1.1287809722328175e-06,1.0690442210142023e-06,,1
3308,E32_I2_P7,,0.0,0.0,0.0,,0
3309,E32_I2_P8,,0.0,0.0,0.0,,0
3310,E32_I2_P9,,0.0,0.0,0.0,,0
3311,E32_I2_P10,,2.725542479455527e-06,1.0731143570695683e-06,9.687282414555142e-07,,1
3312,E32_I2_P11,,0.0,0.0,0.0,,0
3313,E32_I2_P12,,0.0,0.0,0.0,,0
3314,E32_I2_P13,,0.0,0.0,0.0,,0
3315,E32_I2_P14,,5.516259586303986e-06,2.15724058037273e-06,1.956732725963495e-06,,2
3316,E32_I2_P15,,2.8697980492953795e-06,1.1009713580905652e-06,1.0181272465614024e-06,,1
3317,E32_I2_P16,,0.0,0.0,0.0,,0
3318,E32_I2_P17,,4.77895059180667e-06,2.002538573377016e-06,1.696962034928994e-06,,2
3319,E32_I2_P18,,0.0,0.0,0.0,,0
3320,E32_I2_P19,,0.0,0.0,0.0,,0
3321,E32_I2_P20,,0.0,0.0,0.0,,0
3322,E32_I2_P21,,6.921812752551503e-06,2.883016497916052e-06,2.3562908055569193e-06,,3
3323,E32_I2_P22,,0.0,0.0,0.0,,0
3324,E32_I2_P23,,0.0,0.0,0.0,,0
3325,E32_I2_P24,,0.0,0.0,0.0,,0
3326,E32_I2_P25,,0.0,0.0,0.0,,0
3327,E32_I2_P26,,0.0,0.0,0.0,,0
3328,E32_I2_P27,,0.0,0.0,0.0,,0
3329,E32_I2_P28,,0.0,0.0,0.0,,0
3330,E32_I2_P29,,0.0,0.0,0.0,,0
3331,E32_I2_P30,,1.17014861574602e-05,4.522744575045312e-06,4.29036780250579e-06,,4
3332,E32_I2_P31,,0.0,0.0,0.0,,0
3333,E32_I2_P32,,0.0,0.0,0.0,,0
3334,E32_I2_P33,,0.0,0.0,0.0,,0
3335,E32_I2_P34,,0.0,0.0,0.0,,0
3336,E32_I2_P35,,0.0,0.0,0.0,,0
3337,E32_I2_P36,,1.0143102644762718e-05,4.115285438168567e-06,3.5735998524103263e-06,,4
3338,E32_I2_P37,,0.0,0.0,0.0,,0
3339,E32_I2_P38,,0.0,0.0,0.0,,0
3340,E32_I2_P39,,0.0,0.0,0.0,,0
3341,E32_I2_P40,,0.0,0.0,0.0,,0
3342,E32_I2_P41,,5.7292354971848815e-06,2.2531604348251093e-06,2.129911275883414e-06,,2
3343,E32_I2_P42,,0.0,0.0,0.0,,0
3344,E32_I2_P43,,0.0,0.0,0.0,,0
3345,E32_I2_P44,,0.0,0.0,0.0,,0
3346,E32_I2_P45,,2.621906234859151e-06,1.046551398021287e-06,9.230861539384625e-07,,1
3347,E32_I2_P46,,0.0,0.0,0.0,,0
3348,E32_I2_P47,,0.0,0.0,0.0,,0
3349,E32_I2_P48,,0.0,0.0,0.0,,0
3350,E32_I2_P49,,0.0,0.0,0.0,,0
3351,E32_I2_P50,,5.773097300543518e-06,2.225829318568268e-06,2.0795922335548448e-06,,2
3352,E32_I2_P51,,0.0,0.0,0.0,,0
3353,E32_I2_P52,,0.0,0.0,0.0,,0
3354,E32_I2_P53,,0.0,0.0,0.0,,0
3355,E32_I2_P54,,0.0,0.0,0.0,,0
3356,E32_I2_P55,,0.0,0.0,0.0,,0
3357,E32_I2_P56,,0.0,0.0,0.0,,0
3358,E32_I2_P57,,0.0,0.0,0.0,,0
3359,E32_I2_P58,,0.0,0.0,0.0,,0
3360,E32_I2_P59,,0.0,0.0,0.0,,0
3361,E32_I2_P60,,0.0,0.0,0.0,,0
3362,E32_I2_P61,,0.0,0.0,0.0,,0
3363,E32_I2_P62,,0.0,0.0,0.0,,0
3364,E32_I2_P63,,0.0,0.0,0.0,,0
3365,E32_I2_P64,,0.0,0.0,0.0,,0
3366,E32_I2_P65,,0.0,0.0,0.0,,0
3367,E32_I2_P66,,0.0,0.0,0.0,,0
3368,E32_I2_P67,,0.0,0.0,0.0,,0
3369,E32_I2_P68,,0.0,0.0,0.0,,0
3370,E32_I2_P69,,0.0,0.0,0.0,,0
3371,E32_I2_P70,,0.0,0.0,0.0,,0
3372,E32_I2_P71,,1.4890408221072581e-05,5.780542542545172e-06,5.603370987986373e-06,,5
3373,E32_I2_P72,,1.2509365736610315e-05,4.752084385297149e-06,4.732071585595929e-06,,4
3374,E32_I2_P73,,0.0,0.0,0.0,,0
3375,E32_I2_P74,,0.0,0.0,0.0,,0
3376,E32_I2_P75,,0.0,0.0,0.0,,0
3377,E32_I2_P76,,0.0,0.0,0.0,,0
3378,E32_I2_P77,,0.0,0.0,0.0,,0
3379,E32_I2_P78,,1.0349731689808174e-05,4.1895745816062415e-06,3.6980470613469027e-06,,4
3380,E32_I2_P79,,5.26176627862969e-06,2.1146221708920127e-06,1.8828083592925537e-06,,2
3381,E32_I2_P80,,0.0,0.0,0.0,,0
3382,E32_I2_P81,,0.0,0.0,0.0,,0
3383,E32_I2_P82,,5.5899734950262995e-06,2.2064945160513107e-06,2.0444671607462305e-06,,2
3384,E32_I2_P83,,7.717808570092089e-06,3.100096392431171e-06,2.7028488026379805e-06,,3
3385,E32_I2_P84,,0.0,0.0,0.0,,0
3386,E32_I2_P85,,0.0,0.0,0.0,,0
3387,E32_I2_P86,,8.60314406159139e-06,3.338876708677709e-06,3.1196308228884198e-06,,3
3388,E32_I2_P87,,0.0,0.0,0.0,,0
3389,E32_I2_P88,,2.7189951969666913e-06,1.0586650815391604e-06,9.437256400819155e-07,,1
3390,E32_I2_P89,,8.855586554617283e-06,3.3979566729847206e-06,3.228783528898958e-06,,3
3391,E32_I2_P90,,2.6563915528530286e-06,1.0496983654353883e-06,9.28419980062181e-07,,1
3392,E32_I2_P91,,0.0,0.0,0.0,,0
3393,E32_I2_P92,,0.0,0.0,0.0,,0
3394,E32_I2_P93,,2.649500296675468e-06,1.0727247656382184e-06,9.680485882947437e-07,,1
3395,E32_I2_P94,,0.0,0.0,0.0,,0
3396,E32_I2_P95,,0.0,0.0,0.0,,0
3397,E32_I2_P96,,5.189665405474652e-06,2.083496479329808e-06,1.829965967207925e-06,,2
3398,E32_I2_P97,,0.0,0.0,0.0,,0
3399,E32_I2_P98,,0.0,0.0,0.0,,0
3400,E32_I2_P99,,0.0,0.0,0.0,,0
3401,E33_I2_P0,,2.5182095143086943e-06,1.017619763007646e-06,8.749610642326417e-07,,1
3402,E33_I2_P1,,8.405986051536731e-06,3.3098884082744524e-06,3.06696566174129e-06,,3
3403,E33_I2_P2,,0.0,0.0,0.0,,0
3404,E33_I2_P3,,0.0,0.0,0.0,,0
3405,E33_I2_P4,,0.0,0.0,0.0,,0
3406,E33_I2_P5,,0.0,0.0,0.0,,0
3407,E33_I2_P6,,0.0,0.0,0.0,,0
3408,E33_I2_P7,,0.0,0.0,0.0,,0
3409,E33_I2_P8,,0.0,0.0,0.0,,0
3410,E33_I2_P9,,1.0255738126689549e-05,4.168008974750547e-06,3.661641445204108e-06,,4
3411,E33_I2_P10,,0.0,0.0,0.0,,0
3412,E33_I2_P11,,0.0,0.0,0.0,,0
3413,E33_I2_P12,,0.0,0.0,0.0,,0
3414,E33_I2_P13,,0.0,0.0,0.0,,0
3415,E33_I2_P14,,0.0,0.0,0.0,,0
3416,E33_I2_P15,,0.0,0.0,0.0,,0
3417,E33_I2_P16,,0.0,0.0,0.0,,0
3418,E33_I2_P17,,0.0,0.0,0.0,,0
3419,E33_I2_P18,,5.324980258049862e-06,2.112888973289884e-06,1.8798405895180089e-06,,2
3420,E33_I2_P19,,0.0,0.0,0.0,,0
3421,E33_I2_P20,,0.0,0.0,0.0,,0
3422,E33_I2_P21,,0.0,0.0,0.0,,0
3423,E33_I2_P22,,0.0,0.0,0.0,,0
3424,E33_I2_P23,,0.0,0.0,0.0,,0
3425,E33_I2_P24,,0.0,0.0,0.0,,0
3426,E33_I2_P25,,0.0,0.0,0.0,,0
3427,E33_I2_P26,,0.0,0.0,0.0,,0
3428,E33_I2_P27,,8.425342372742815e-06,3.3101535212053076e-06,3.067444672883866e-06,,3
3429,E33_I2_P28,,0.0,0.0,0.0,,0
3430,E33_I2_P29,,0.0,0.0,0.0,,0
3431,E33_I2_P30,,2.9464041183844507e-05,1.2055449369557399e-05,1.11001567140307e-05,,11
3432,E33_I2_P31,,0.0,0.0,0.0,,0
3433,E33_I2_P32,,0.0,0.0,0.0,,0
3434,E33_I2_P33,,0.0,0.0,0.0,,0
3435,E33_I2_P34,,0.0,0.0,0.0,,0
3436,E33_I2_P35,,0.0,0.0,0.0,,0
3437,E33_I2_P36,,0.0,0.0,0.0,,0
3438,E33_I2_P37,,2.7067865486936107e-06,1.0746466147842853e-06,9.714042863214134e-07,,1
3439,E33_I2_P38,,0.0,0.0,0.0,,0
3440,E33_I2_P39,,0.0,0.0,0.0,,0
3441,E33_I2_P40,,0.0,0.0,0.0,,0
3442,E33_I2_P41,,0.0,0.0,0.0,,0
3443,E33_I2_P42,,1.0601246880618178e-05,4.3149914326083175e-06,3.914361596981245e-06,,4
3444,E33_I2_P43,,0.0,0.0,0.0,,0
3445,E33_I2_P44,,0.0,0.0,0.0,,0
3446,E33_I2_P45,,0.0,0.0,0.0,,0
3447,E33_I2_P46,,0.0,0.0,0.0,,0
3448,E33_I2_P47,,0.0,0.0,0.0,,0
3449,E33_I2_P48,,0.0,0.0,0.0,,0
3450,E33_I2_P49,,1.189366363415265e-05,4.561020049880775e-06,4.362109625267521e-06,,4
3451,E33_I2_P50,,0.0,0.0,0.0,,0
3452,E33_I2_P51,,0.0,0.0,0.0,,0
3453,E33_I2_P52,,0.0,0.0,0.0,,0
3454,E33_I2_P53,,0.0,0.0,0.0,,0
3455,E33_I2_P54,,5.256450540321392e-06,2.086114396896843e-06,1.8343734995398017e-06,,2
3456,E33_I2_P55,,2.227320851195304e-05,8.82146954013133e-06,8.16972605887309e-06,,8
3457,E33_I2_P56,,0.0,0.0,0.0,,0
3458,E33_I2_P57,,0.0,0.0,0.0,,0
3459,E33_I2_P58,,0.0,0.0,0.0,,0
3460,E33_I2_P59,,0.0,0.0,0.0,,0
3461,E33_I2_P60,,0.0,0.0,0.0,,0
3462,E33_I2_P61,,2.9997501016880633e-06,1.1425499273575256e-06,1.0948579449187917e-06,,1
3463,E33_I2_P62,,0.0,0.0,0.0,,0
3464,E33_I2_P63,,2.621715229488059e-06,1.0448004830176497e-06,9.20126995927978e-07,,1
3465,E33_I2_P64,,2.4573828958055786e-06,1.0104033670850537e-06,8.632106732546906e-07,,1
3466,E33_I2_P65,,0.0,0.0,0.0,,0
3467,E33_I2_P66,,5.969135172338996e-06,2.341774625420564e-06,2.2985355168271478e-06,,2
3468,E33_I2_P67,,0.0,0.0,0.0,,0
3469,E33_I2_P68,,0.0,0.0,0.0,,0
3470,E33_I2_P69,,2.7562025725825126e-06,1.07470100576985e-06,9.714993659752264e-07,,1
3471,E33_I2_P70,,2.7607158797090223e-06,1.0831769285413233e-06,9.86389307145355e-07,,1
3472,E33_I2_P71,,0.0,0.0,0.0,,0
3473,E33_I2_P72,,2.8114541098649515e-06,1.0865907310057607e-06,9.924277760685967e-07,,1
3474,E33_I2_P73,,0.0,0.0,0.0,,0
3475,E33_I2_P74,,0.0,0.0,0.0,,0
3476,E33_I2_P75,,3.94127275001173e-05,1.6326174747430907e-05,1.4934876471147561e-05,,15
3477,E33_I2_P76,,0.0,0.0,0.0,,0
3478,E33_I2_P77,,2.9168910881707524e-06,1.12350431710287e-06,1.0592583549664784e-06,,1
3479,E33_I2_P78,,0.0,0.0,0.0,,0
3480,E33_I2_P79,,0.0,0.0,0.0,,0
3481,E33_I2_P80,,0.0,0.0,0.0,,0
3482,E33_I2_P81,,0.0,0.0,0.0,,0
3483,E33_I2_P82,,0.0,0.0,0.0,,0
3484,E33_I2_P83,,0.0,0.0,0.0,,0
3485,E33_I2_P84,,5.534815683649363e-06,2.1837564635412993e-06,2.0036551679401147e-06,,2
3486,E33_I2_P85,,0.0,0.0,0.0,,0
3487,E33_I2_P86,,0.0,0.0,0.0,,0
3488,E33_I2_P87,,0.0,0.0,0.0,,0
3489,E33_I2_P88,,0.0,0.0,0.0,,0
3490,E33_I2_P89,,0.0,0.0,0.0,,0
3491,E33_I2_P90,,0.0,0.0,0.0,,0
3492,E33_I2_P91,,2.8691908983057524e-06,1.108346104329911e-06,1.0314722822768307e-06,,1
3493,E33_I2_P92,,0.0,0.0,0.0,,0
3494,E33_I2_P93,,0.0,0.0,0.0,,0
3495,E33_I2_P94,,0.0,0.0,0.0,,0
3496,E33_I2_P95,,2.8431196908157347e-06,1.1028921233875546e-06,1.0215921155563706e-06,,1
3497,E33_I2_P96,,0.0,0.0,0.0,,0
3498,E33_I2_P97,,0.0,0.0,0.0,,0
3499,E33_I2_P98,,7.830919249129585e-06,3.1383437578995586e-06,2.7670420389779374e-06,,3
3500,E33_I2_P99,,7.984069135174981e-05,3.659306354860218e-05,3.067108330266225e-05,,37
3501,E34_I2_P0,,0.0,0.0,0.0,,0
3502,E34_I2_P1,,2.8667798997150833e-06,1.1020365284243463e-06,1.020047763736537e-06,,1
3503,E34_I2_P2,,0.0,0.0,0.0,,0
3504,E34_I2_P3,,0.0,0.0,0.0,,0
3505,E34_I2_P4,,7.457978274986191e-06,3.1058683705197996e-06,2.7124749435127096e-06,,3
3506,E34_I2_P5,,0.0,0.0,0.0,,0
3507,E34_I2_P6,,0.0,0.0,0.0,,0
3508,E34_I2_P7,,0.0,0.0,0.0,,0
3509,E34_I2_P8,,1.3903628731338172e-05,5.510107667914585e-06,5.100103557602737e-06,,5
3510,E34_I2_P9,,0.0,0.0,0.0,,0
3511,E34_I2_P10,,7.690834705228613e-06,3.0921417033220417e-06,2.689618074233459e-06,,3
3512,E34_I2_P11,,0.0,0.0,0.0,,0
3513,E34_I2_P12,,0.0,0.0,0.0,,0
3514,E34_I2_P13,,0.0,0.0,0.0,,0
3515,E34_I2_P14,,3.0146392512948527e-06,1.1690231855719902e-06,1.1456348163003214e-06,,1
3516,E34_I2_P15,,7.138495895693132e-06,2.9810788343333026e-06,2.50915213240294e-06,,3
3517,E34_I2_P16,,0.0,0.0,0.0,,0
3518,E34_I2_P17,,0.0,0.0,0.0,,0
3519,E34_I2_P18,,2.7970611089849505e-06,1.089909125829571e-06,9.983203260514186e-07,,1
3520,E34_I2_P19,,0.0,0.0,0.0,,0
3521,E34_I2_P20,,0.0,0.0,0.0,,0
3522,E34_I2_P21,,0.0,0.0,0.0,,0
3523,E34_I2_P22,,0.0,0.0,0.0,,0
3524,E34_I2_P23,,0.0,0.0,0.0,,0
3525,E34_I2_P24,,3.2281900039755586e-05,1.3646379020285522e-05,1.2069969613851497e-05,,13
3526,E34_I2_P25,,2.060949276465662e-05,8.449892088255915e-06,7.5165151932261175e-06,,8
3527,E34_I2_P26,,0.0,0.0,0.0,,0
3528,E34_I2_P27,,2.3611412198053736e-06,9.718186051389524e-07,8.020653181943505e-07,,1
3529,E34_I2_P28,,0.0,0.0,0.0,,0
3530,E34_I2_P29,,0.0,0.0,0.0,,0
3531,E34_I2_P30,,0.0,0.0,0.0,,0
3532,E34_I2_P31,,2.677798986259149e-06,1.0523334437284836e-06,9.329013067381829e-07,,1
3533,E34_I2_P32,,0.0,0.0,0.0,,0
3534,E34_I2_P33,,0.0,0.0,0.0,,0
3535,E34_I2_P34,,0.0,0.0,0.0,,0
3536,E34_I2_P35,,2.878741040616419e-06,1.1165581120942001e-06,1.0464656929303396e-06,,1
3537,E34_I2_P36,,0.0,0.0,0.0,,0
3538,E34_I2_P37,,0.0,0.0,0.0,,0
3539,E34_I2_P38,,0.0,0.0,0.0,,0
3540,E34_I2_P39,,0.0,0.0,0.0,,0
3541,E34_I2_P40,,0.0,0.0,0.0,,0
3542,E34_I2_P41,,0.0,0.0,0.0,,0
3543,E34_I2_P42,,0.0,0.0,0.0,,0
3544,E34_I2_P43,,0.0,0.0,0.0,,0
3545,E34_I2_P44,,0.0,0.0,0.0,,0
3546,E34_I2_P45,,0.0,0.0,0.0,,0
3547,E34_I2_P46,,0.0,0.0,0.0,,0
3548,E34_I2_P47,,0.0,0.0,0.0,,0
3549,E34_I2_P48,,0.0,0.0,0.0,,0
3550,E34_I2_P49,,5.248120268590008e-05,2.2717333339080628e-05,1.979307242465137e-05,,22
3551,E34_I2_P50,,0.0,0.0,0.0,,0
3552,E34_I2_P51,,5.4334346651870225e-06,2.151140972588243e-06,1.946040197406318e-06,,2
3553,E34_I2_P52,,0.0,0.0,0.0,,0
3554,E34_I2_P53,,0.0,0.0,0.0,,0
3555,E34_I2_P54,,0.0,0.0,0.0,,0
3556,E34_I2_P55,,2.104824036916257e-05,8.095143115139409e-06,7.849293563579279e-06,,7
3557,E34_I2_P56,,0.0,0.0,0.0,,0
3558,E34_I2_P57,,0.0,0.0,0.0,,0
3559,E34_I2_P58,,0.0,0.0,0.0,,0
3560,E34_I2_P59,,0.0,0.0,0.0,,0
3561,E34_I2_P60,,0.0,0.0,0.0,,0
3562,E34_I2_P61,,0.0,0.0,0.0,,0
3563,E34_I2_P62,,0.0,0.0,0.0,,0
3564,E34_I2_P63,,2.878636356575036e-06,1.1128434945143465e-06,1.0396661216217025e-06,,1
3565,E34_I2_P64,,0.0,0.0,0.0,,0
3566,E34_I2_P65,,2.703243387305271e-06,1.0578225111882837e-06,9.422806017403922e-07,,1
3567,E34_I2_P66,,0.0,0.0,0.0,,0
3568,E34_I2_P67,,2.5200219349689055e-06,1.0115566568609949e-06,8.650818367417558e-07,,1
3569,E34_I2_P68,,3.2290014307763335e-06,1.200194753517006e-06,1.2073940813542134e-06,,1
3570,E34_I2_P69,,2.8796830222114014e-06,1.1112751508820045e-06,1.0368039481494347e-06,,1
3571,E34_I2_P70,,0.0,0.0,0.0,,0
3572,E34_I2_P71,,0.0,0.0,0.0,,0
3573,E34_I2_P72,,2.738585594254933e-06,1.0889525883292458e-06,9.966194667687205e-07,,1
3574,E34_I2_P73,,2.9297234661215694e-06,1.1363067194709797e-06,1.0831032641483072e-06,,1
3575,E34_I2_P74,,0.0,0.0,0.0,,0
3576,E34_I2_P75,,0.0,0.0,0.0,,0
3577,E34_I2_P76,,0.0,0.0,0.0,,0
3578,E34_I2_P77,,0.0,0.0,0.0,,0
3579,E34_I2_P78,,0.0,0.0,0.0,,0
3580,E34_I2_P79,,0.0,0.0,0.0,,0
3581,E34_I2_P80,,0.0,0.0,0.0,,0
3582,E34_I2_P81,,0.0,0.0,0.0,,0
3583,E34_I2_P82,,0.0,0.0,0.0,,0
3584,E34_I2_P83,,0.0,0.0,0.0,,0
3585,E34_I2_P84,,0.0,0.0,0.0,,0
3586,E34_I2_P85,,1.5158809176942805e-05,6.174111984771642e-06,5.362361584041612e-06,,6
3587,E34_I2_P86,,0.0,0.0,0.0,,0
3588,E34_I2_P87,,0.0,0.0,0.0,,0
3589,E34_I2_P88,,8.29192683745084e-06,3.2824030481346394e-06,3.0175675237312827e-06,,3
3590,E34_I2_P89,,7.829948511989616e-06,3.1959659179395373e-06,2.8655772060526726e-06,,3
3591,E34_I2_P90,,0.0,0.0,0.0,,0
3592,E34_I2_P91,,0.0,0.0,0.0,,0
3593,E34_I2_P92,,0.0,0.0,0.0,,0
3594,E34_I2_P93,,0.0,0.0,0.0,,0
3595,E34_I2_P94,,0.0,0.0,0.0,,0
3596,E34_I2_P95,,0.0,0.0,0.0,,0
3597,E34_I2_P96,,0.0,0.0,0.0,,0
3598,E34_I2_P97,,0.0,0.0,0.0,,0
3599,E34_I2_P98,,0.0,0.0,0.0,,0
3600,E34_I2_P99,,0.0,0.0,0.0,,0
3601,E35_I2_P0,,0.0,0.0,0.0,,0
3602,E35_I2_P1,,0.0,0.0,0.0,,0
3603,E35_I2_P2,,2.9625944102517366e-06,1.1454752795684935e-06,1.100394491425176e-06,,1
3604,E35_I2_P3,,0.0,0.0,0.0,,0
3605,E35_I2_P4,,0.0,0.0,0.0,,0
3606,E35_I2_P5,,0.0,0.0,0.0,,0
3607,E35_I2_P6,,0.0,0.0,0.0,,0
3608,E35_I2_P7,,5.493489095682743e-06,2.1787629685013873e-06,1.994763745168932e-06,,2
3609,E35_I2_P8,,0.0,0.0,0.0,,0
3610,E35_I2_P9,,0.0,0.0,0.0,,0
3611,E35_I2_P10,,0.0,0.0,0.0,,0
3612,E35_I2_P11,,0.0,0.0,0.0,,0
3613,E35_I2_P12,,0.0,0.0,0.0,,0
3614,E35_I2_P13,,5.053707967229592e-06,2.0624288857770286e-06,1.7947416761002776e-06,,2
3615,E35_I2_P14,,0.0,0.0,0.0,,0
3616,E35_I2_P15,,1.2250891926711072e-05,4.666504690851004e-06,4.5638981394984e-06,,4
3617,E35_I2_P16,,5.78402917110502e-06,2.247320300634004e-06,2.1190930281839373e-06,,2
3618,E35_I2_P17,,1.1686241060008627e-05,4.569012488460033e-06,4.377188936436104e-06,,4
3619,E35_I2_P18,,0.0,0.0,0.0,,0
3620,E35_I2_P19,,0.0,0.0,0.0,,0
3621,E35_I2_P20,,0.0,0.0,0.0,,0
3622,E35_I2_P21,,2.64477786000323e-06,1.0445919295753748e-06,9.197749310743661e-07,,1
3623,E35_I2_P22,,0.0,0.0,0.0,,0
3624,E35_I2_P23,,2.7332240252588712e-06,1.0770749071953334e-06,9.756549693766297e-07,,1
3625,E35_I2_P24,,1.5487142560562933e-05,6.615922397831087e-06,5.329798407989216e-06,,7
3626,E35_I2_P25,,0.0,0.0,0.0,,0
3627,E35_I2_P26,,0.0,0.0,0.0,,0
3628,E35_I2_P27,,0.0,0.0,0.0,,0
3629,E35_I2_P28,,0.0,0.0,0.0,,0
3630,E35_I2_P29,,0.0,0.0,0.0,,0
3631,E35_I2_P30,,0.0,0.0,0.0,,0
3632,E35_I2_P31,,0.0,0.0,0.0,,0
3633,E35_I2_P32,,0.0,0.0,0.0,,0
3634,E35_I2_P33,,0.0,0.0,0.0,,0
3635,E35_I2_P34,,0.0,0.0,0.0,,0
3636,E35_I2_P35,,2.370706459023012e-06,9.684768412682897e-07,7.969011701099106e-07,,1
3637,E35_I2_P36,,3.1048887609375706e-06,1.1750501231787091e-06,1.1574080772037484e-06,,1
3638,E35_I2_P37,,0.0,0.0,0.0,,0
3639,E35_I2_P38,,0.0,0.0,0.0,,0
3640,E35_I2_P39,,0.0,0.0,0.0,,0
3641,E35_I2_P40,,2.612682867294746e-06,1.0537857934715638e-06,9.353771323675564e-07,,1
3642,E35_I2_P41,,0.0,0.0,0.0,,0
3643,E35_I2_P42,,0.0,0.0,0.0,,0
3644,E35_I2_P43,,0.0,0.0,0.0,,0
3645,E35_I2_P44,,0.0,0.0,0.0,,0
3646,E35_I2_P45,,4.262537811600111e-05,1.7731376447986322e-05,1.649962940285521e-05,,16
3647,E35_I2_P46,,2.778119046807877e-06,1.0809065568709245e-06,9.82386546019775e-07,,1
3648,E35_I2_P47,,0.0,0.0,0.0,,0
3649,E35_I2_P48,,0.0,0.0,0.0,,0
3650,E35_I2_P49,,0.0,0.0,0.0,,0
3651,E35_I2_P50,,0.0,0.0,0.0,,0
3652,E35_I2_P51,,0.0,0.0,0.0,,0
3653,E35_I2_P52,,0.0,0.0,0.0,,0
3654,E35_I2_P53,,0.0,0.0,0.0,,0
3655,E35_I2_P54,,0.0,0.0,0.0,,0
3656,E35_I2_P55,,0.0,0.0,0.0,,0
3657,E35_I2_P56,,0.0,0.0,0.0,,0
3658,E35_I2_P57,,2.8194815505216766e-06,1.09624006446413e-06,1.0096250076037384e-06,,1
3659,E35_I2_P58,,0.0,0.0,0.0,,0
3660,E35_I2_P59,,0.0,0.0,0.0,,0
3661,E35_I2_P60,,0.0,0.0,0.0,,0
3662,E35_I2_P61,,0.0,0.0,0.0,,0
3663,E35_I2_P62,,2.653201943587946e-06,1.0381000800645225e-06,9.088587369953676e-07,,1
3664,E35_I2_P63,,0.0,0.0,0.0,,0
3665,E35_I2_P64,,0.0,0.0,0.0,,0
3666,E35_I2_P65,,0.0,0.0,0.0,,0
3667,E35_I2_P66,,0.0,0.0,0.0,,0
3668,E35_I2_P67,,2.7654767848145718e-06,1.0880707496857974e-06,9.950530935454388e-07,,1
3669,E35_I2_P68,,0.0,0.0,0.0,,0
3670,E35_I2_P69,,2.5322528540508497e-06,1.0151686873125332e-06,8.70958751393534e-07,,1
3671,E35_I2_P70,,0.0,0.0,0.0,,0
3672,E35_I2_P71,,0.0,0.0,0.0,,0
3673,E35_I2_P72,,2.9200467991828884e-06,1.1225016444356967e-06,1.057405486454107e-06,,1
3674,E35_I2_P73,,0.0,0.0,0.0,,0
3675,E35_I2_P74,,5.863857403681419e-06,2.276936559933579e-06,2.1743272291814286e-06,,2
3676,E35_I2_P75,,0.0,0.0,0.0,,0
3677,E35_I2_P76,,2.72276698490226e-06,1.0740715650503638e-06,9.703994212537852e-07,,1
3678,E35_I2_P77,,0.0,0.0,0.0,,0
3679,E35_I2_P78,,0.0,0.0,0.0,,0
3680,E35_I2_P79,,5.556815385858068e-06,2.154103929569557e-06,1.9512295062974713e-06,,2
3681,E35_I2_P80,,0.0,0.0,0.0,,0
3682,E35_I2_P81,,0.0,0.0,0.0,,0
3683,E35_I2_P82,,0.0,0.0,0.0,,0
3684,E35_I2_P83,,0.0,0.0,0.0,,0
3685,E35_I2_P84,,0.0,0.0,0.0,,0
3686,E35_I2_P85,,2.854772291279831e-06,1.1291645253785757e-06,1.0697578389180042e-06,,1
3687,E35_I2_P86,,2.5115597230953665e-06,1.0252307993819796e-06,8.874630316180892e-07,,1
3688,E35_I2_P87,,0.0,0.0,0.0,,0
3689,E35_I2_P88,,2.889811237930896e-06,1.1251147120262138e-06,1.0622386892824366e-06,,1
3690,E35_I2_P89,,5.331093348477293e-06,2.138269289893936e-06,1.923599901800225e-06,,2
3691,E35_I2_P90,,8.316853470392893e-06,3.2739401137540565e-06,3.0024620188554615e-06,,3
3692,E35_I2_P91,,0.0,0.0,0.0,,0
3693,E35_I2_P92,,0.0,0.0,0.0,,0
3694,E35_I2_P93,,0.0,0.0,0.0,,0
3695,E35_I2_P94,,0.0,0.0,0.0,,0
3696,E35_I2_P95,,0.0,0.0,0.0,,0
3697,E35_I2_P96,,0.0,0.0,0.0,,0
3698,E35_I2_P97,,0.0,0.0,0.0,,0
3699,E35_I2_P98,,0.0,0.0,0.0,,0
3700,E35_I2_P99,,0.0,0.0,0.0,,0
3701,E36_I2_P0,,0.0,0.0,0.0,,0
3702,E36_I2_P1,,0.0,0.0,0.0,,0
3703,E36_I2_P2,,0.0,0.0,0.0,,0
3704,E36_I2_P3,,0.0,0.0,0.0,,0
3705,E36_I2_P4,,2.0797630793715375e-05,8.456391154802889e-06,7.527640555163491e-06,,8
3706,E36_I2_P5,,0.0,0.0,0.0,,0
3707,E36_I2_P6,,0.0,0.0,0.0,,0
3708,E36_I2_P7,,3.049497776034696e-06,1.1501881486678e-06,1.1093527869438052e-06,,1
3709,E36_I2_P8,,0.0,0.0,0.0,,0
3710,E36_I2_P9,,0.0,0.0,0.0,,0
3711,E36_I2_P10,,0.0,0.0,0.0,,0
3712,E36_I2_P11,,0.0,0.0,0.0,,0
3713,E36_I2_P12,,0.0,0.0,0.0,,0
3714,E36_I2_P13,,0.0,0.0,0.0,,0
3715,E36_I2_P14,,0.0,0.0,0.0,,0
3716,E36_I2_P15,,0.0,0.0,0.0,,0
3717,E36_I2_P16,,3.573571160654058e-05,1.4195968796925151e-05,1.407665913956421e-05,,12
3718,E36_I2_P17,,2.4936835872150094e-06,1.0151172825141243e-06,8.708749375691529e-07,,1
3719,E36_I2_P18,,0.0,0.0,0.0,,0
3720,E36_I2_P19,,0.0,0.0,0.0,,0
3721,E36_I2_P20,,3.1171539140831493e-06,1.1724236172958741e-06,1.1522675473063442e-06,,1
3722,E36_I2_P21,,2.7809436834246904e-05,1.1922324744501865e-05,1.0033444816053512e-05,,12
3723,E36_I2_P22,,0.0,0.0,0.0,,0
3724,E36_I2_P23,,2.6727062120319547e-06,1.0418420567159438e-06,9.151408218696693e-07,,1
3725,E36_I2_P24,,0.0,0.0,0.0,,0
3726,E36_I2_P25,,0.0,0.0,0.0,,0
3727,E36_I2_P26,,0.0,0.0,0.0,,0
3728,E36_I2_P27,,0.0,0.0,0.0,,0
3729,E36_I2_P28,,0.0,0.0,0.0,,0
3730,E36_I2_P29,,0.0,0.0,0.0,,0
3731,E36_I2_P30,,0.0,0.0,0.0,,0
3732,E36_I2_P31,,0.0,0.0,0.0,,0
3733,E36_I2_P32,,0.0,0.0,0.0,,0
3734,E36_I2_P33,,5.535287950722746e-06,2.201008426811494e-06,2.0345714378723266e-06,,2
3735,E36_I2_P34,,0.0,0.0,0.0,,0
3736,E36_I2_P35,,0.0,0.0,0.0,,0
3737,E36_I2_P36,,0.0,0.0,0.0,,0
3738,E36_I2_P37,,2.749208060611793e-06,1.086888841871898e-06,9.92956216836814e-07,,1
3739,E36_I2_P38,,0.0,0.0,0.0,,0
3740,E36_I2_P39,,0.0,0.0,0.0,,0
3741,E36_I2_P40,,0.0,0.0,0.0,,0
3742,E36_I2_P41,,0.0,0.0,0.0,,0
3743,E36_I2_P42,,0.0,0.0,0.0,,0
3744,E36_I2_P43,,0.0,0.0,0.0,,0
3745,E36_I2_P44,,0.0,0.0,0.0,,0
3746,E36_I2_P45,,0.0,0.0,0.0,,0
3747,E36_I2_P46,,0.0,0.0,0.0,,0
3748,E36_I2_P47,,0.0,0.0,0.0,,0
3749,E36_I2_P48,,0.0,0.0,0.0,,0
3750,E36_I2_P49,,0.0,0.0,0.0,,0
3751,E36_I2_P50,,0.0,0.0,0.0,,0
3752,E36_I2_P51,,0.0,0.0,0.0,,0
3753,E36_I2_P52,,0.0,0.0,0.0,,0
3754,E36_I2_P53,,0.0,0.0,0.0,,0
3755,E36_I2_P54,,0.0,0.0,0.0,,0
3756,E36_I2_P55,,0.0,0.0,0.0,,0
3757,E36_I2_P56,,0.0,0.0,0.0,,0
3758,E36_I2_P57,,2.8575254007413474e-06,1.1069347037425164e-06,1.028909528242409e-06,,1
3759,E36_I2_P58,,1.525440504385252e-05,6.154458415786474e-06,5.3298511639062486e-06,,6
3760,E36_I2_P59,,0.0,0.0,0.0,,0
3761,E36_I2_P60,,0.0,0.0,0.0,,0
3762,E36_I2_P61,,0.0,0.0,0.0,,0
3763,E36_I2_P62,,0.0,0.0,0.0,,0
3764,E36_I2_P63,,0.0,0.0,0.0,,0
3765,E36_I2_P64,,0.0,0.0,0.0,,0
3766,E36_I2_P65,,0.0,0.0,0.0,,0
3767,E36_I2_P66,,0.0,0.0,0.0,,0
3768,E36_I2_P67,,0.0,0.0,0.0,,0
3769,E36_I2_P68,,2.800897112990621e-06,1.0909938069973165e-06,1.000251313142427e-06,,1
3770,E36_I2_P69,,0.0,0.0,0.0,,0
3771,E36_I2_P70,,0.0,0.0,0.0,,0
3772,E36_I2_P71,,2.9297977073211442e-06,1.141730087924803e-06,1.0933096012262562e-06,,1
3773,E36_I2_P72,,0.0,0.0,0.0,,0
3774,E36_I2_P73,,0.0,0.0,0.0,,0
3775,E36_I2_P74,,2.7705714647150098e-06,1.087762730371534e-06,9.945063469395062e-07,,1
3776,E36_I2_P75,,0.0,0.0,0.0,,0
3777,E36_I2_P76,,0.0,0.0,0.0,,0
3778,E36_I2_P77,,0.0,0.0,0.0,,0
3779,E36_I2_P78,,0.0,0.0,0.0,,0
3780,E36_I2_P79,,0.0,0.0,0.0,,0
3781,E36_I2_P80,,0.0,0.0,0.0,,0
3782,E36_I2_P81,,1.1157592885555212e-05,4.398017645029563e-06,4.061944656004063e-06,,4
3783,E36_I2_P82,,5.224322670835658e-06,2.110102171242686e-06,1.8750750030001202e-06,,2
3784,E36_I2_P83,,0.0,0.0,0.0,,0
3785,E36_I2_P84,,0.0,0.0,0.0,,0
3786,E36_I2_P85,,0.0,0.0,0.0,,0
3787,E36_I2_P86,,2.7429625937376733e-06,1.0654523191059722e-06,9.554178161537268e-07,,1
3788,E36_I2_P87,,0.0,0.0,0.0,,0
3789,E36_I2_P88,,0.0,0.0,0.0,,0
3790,E36_I2_P89,,0.0,0.0,0.0,,0
3791,E36_I2_P90,,0.0,0.0,0.0,,0
3792,E36_I2_P91,,0.0,0.0,0.0,,0
3793,E36_I2_P92,,0.0,0.0,0.0,,0
3794,E36_I2_P93,,0.0,0.0,0.0,,0
3795,E36_I2_P94,,0.0,0.0,0.0,,0
3796,E36_I2_P95,,0.0,0.0,0.0,,0
3797,E36_I2_P96,,0.0,0.0,0.0,,0
3798,E36_I2_P97,,0.0,0.0,0.0,,0
3799,E36_I2_P98,,3.0422598839738337e-05,1.3262441504866313e-05,1.0705532848780526e-05,,14
3800,E36_I2_P99,,0.0,0.0,0.0,,0
3801,E37_I2_P0,,0.0,0.0,0.0,,0
3802,E37_I2_P1,,0.0,0.0,0.0,,0
3803,E37_I2_P2,,0.0,0.0,0.0,,0
3804,E37_I2_P3,,0.0,0.0,0.0,,0
3805,E37_I2_P4,,0.0,0.0,0.0,,0
3806,E37_I2_P5,,0.0,0.0,0.0,,0
3807,E37_I2_P6,,0.0,0.0,0.0,,0
3808,E37_I2_P7,,0.0,0.0,0.0,,0
3809,E37_I2_P8,,0.0,0.0,0.0,,0
3810,E37_I2_P9,,2.642989212669893e-05,1.0792336874267073e-05,9.794439207140146e-06,,10
3811,E37_I2_P10,,5.938526195398255e-06,2.256141421915681e-06,2.135447141276912e-06,,2
3812,E37_I2_P11,,0.0,0.0,0.0,,0
3813,E37_I2_P12,,0.0,0.0,0.0,,0
3814,E37_I2_P13,,2.3816510923477088e-06,9.827017265959663e-07,8.190276503734766e-07,,1
3815,E37_I2_P14,,1.0808918499382807e-05,4.290892077706708e-06,3.872182170682402e-06,,4
3816,E37_I2_P15,,0.0,0.0,0.0,,0
3817,E37_I2_P16,,0.0,0.0,0.0,,0
3818,E37_I2_P17,,5.0268483958413995e-06,2.035260827595695e-06,1.7499569619959661e-06,,2
3819,E37_I2_P18,,0.0,0.0,0.0,,0
3820,E37_I2_P19,,3.0587842601192643e-06,1.1605946624317315e-06,1.1293035641385135e-06,,1
3821,E37_I2_P20,,0.0,0.0,0.0,,0
3822,E37_I2_P21,,0.0,0.0,0.0,,0
3823,E37_I2_P22,,0.0,0.0,0.0,,0
3824,E37_I2_P23,,0.0,0.0,0.0,,0
3825,E37_I2_P24,,2.8922157034724313e-06,1.1311456949757834e-06,1.0734488596886944e-06,,1
3826,E37_I2_P25,,0.0,0.0,0.0,,0
3827,E37_I2_P26,,8.190811772876422e-06,3.2481344256596817e-06,2.956703512120267e-06,,3
3828,E37_I2_P27,,0.0,0.0,0.0,,0
3829,E37_I2_P28,,0.0,0.0,0.0,,0
3830,E37_I2_P29,,0.0,0.0,0.0,,0
3831,E37_I2_P30,,0.0,0.0,0.0,,0
3832,E37_I2_P31,,0.0,0.0,0.0,,0
3833,E37_I2_P32,,0.0,0.0,0.0,,0
3834,E37_I2_P33,,0.0,0.0,0.0,,0
3835,E37_I2_P34,,0.0,0.0,0.0,,0
3836,E37_I2_P35,,0.0,0.0,0.0,,0
3837,E37_I2_P36,,0.0,0.0,0.0,,0
3838,E37_I2_P37,,0.0,0.0,0.0,,0
3839,E37_I2_P38,,3.0536390320221664e-06,1.1706431438891588e-06,1.1487914713721166e-06,,1
3840,E37_I2_P39,,0.0,0.0,0.0,,0
3841,E37_I2_P40,,0.0,0.0,0.0,,0
3842,E37_I2_P41,,0.0,0.0,0.0,,0
3843,E37_I2_P42,,0.0,0.0,0.0,,0
3844,E37_I2_P43,,2.898486148431708e-06,1.1050406741741952e-06,1.0254769493291332e-06,,1
3845,E37_I2_P44,,0.0,0.0,0.0,,0
3846,E37_I2_P45,,0.0,0.0,0.0,,0
3847,E37_I2_P46,,2.8474197955776603e-06,1.1166978287327409e-06,1.0467220068591693e-06,,1
3848,E37_I2_P47,,0.0,0.0,0.0,,0
3849,E37_I2_P48,,0.0,0.0,0.0,,0
3850,E37_I2_P49,,0.0,0.0,0.0,,0
3851,E37_I2_P50,,0.0,0.0,0.0,,0
3852,E37_I2_P51,,2.4376850871755185e-06,9.902952919230851e-07,8.309944302598311e-07,,1
3853,E37_I2_P52,,0.0,0.0,0.0,,0
3854,E37_I2_P53,,0.0,0.0,0.0,,0
3855,E37_I2_P54,,0.0,0.0,0.0,,0
3856,E37_I2_P55,,0.0,0.0,0.0,,0
3857,E37_I2_P56,,0.0,0.0,0.0,,0
3858,E37_I2_P57,,0.0,0.0,0.0,,0
3859,E37_I2_P58,,0.0,0.0,0.0,,0
3860,E37_I2_P59,,0.0,0.0,0.0,,0
3861,E37_I2_P60,,0.0,0.0,0.0,,0
3862,E37_I2_P61,,2.4577340955826336e-06,9.979256778823151e-07,8.431289104055387e-07,,1
3863,E37_I2_P62,,0.0,0.0,0.0,,0
3864,E37_I2_P63,,2.535458453368211e-06,1.0227472310467747e-06,8.833711563416774e-07,,1
3865,E37_I2_P64,,2.9144174520980904e-06,1.126534530234592e-06,1.0648708684341395e-06,,1
3866,E37_I2_P65,,0.0,0.0,0.0,,0
3867,E37_I2_P66,,0.0,0.0,0.0,,0
3868,E37_I2_P67,,2.5327857558347592e-06,1.0119523447332744e-06,8.657244122164104e-07,,1
3869,E37_I2_P68,,0.0,0.0,0.0,,0
3870,E37_I2_P69,,0.0,0.0,0.0,,0
3871,E37_I2_P70,,0.0,0.0,0.0,,0
3872,E37_I2_P71,,0.0,0.0,0.0,,0
3873,E37_I2_P72,,2.5200219349689055e-06,1.0115566568609949e-06,8.650818367417558e-07,,1
3874,E37_I2_P73,,0.0,0.0,0.0,,0
3875,E37_I2_P74,,0.0,0.0,0.0,,0
3876,E37_I2_P75,,0.0,0.0,0.0,,0
3877,E37_I2_P76,,0.0,0.0,0.0,,0
3878,E37_I2_P77,,0.0,0.0,0.0,,0
3879,E37_I2_P78,,2.607289144822633e-06,1.0439506578038878e-06,9.186929204604857e-07,,1
3880,E37_I2_P79,,5.360911261466512e-06,2.136958293901089e-06,1.921323715186815e-06,,2
3881,E37_I2_P80,,0.0,0.0,0.0,,0
3882,E37_I2_P81,,0.0,0.0,0.0,,0
3883,E37_I2_P82,,0.0,0.0,0.0,,0
3884,E37_I2_P83,,4.052326595608955e-05,1.6614184026541998e-05,1.545208950880383e-05,,15
3885,E37_I2_P84,,2.5099424637747864e-06,1.0231698445918373e-06,8.84066600273265e-07,,1
3886,E37_I2_P85,,0.0,0.0,0.0,,0
3887,E37_I2_P86,,0.0,0.0,0.0,,0
3888,E37_I2_P87,,0.0,0.0,0.0,,0
3889,E37_I2_P88,,2.7912998119764402e-06,1.0827866282654684e-06,9.857004436637697e-07,,1
3890,E37_I2_P89,,0.0,0.0,0.0,,0
3891,E37_I2_P90,,0.0,0.0,0.0,,0
3892,E37_I2_P91,,0.0,0.0,0.0,,0
3893,E37_I2_P92,,0.0,0.0,0.0,,0
3894,E37_I2_P93,,0.0,0.0,0.0,,0
3895,E37_I2_P94,,0.0,0.0,0.0,,0
3896,E37_I2_P95,,0.0,0.0,0.0,,0
3897,E37_I2_P96,,3.011573737625669e-06,1.1379212605554012e-06,1.086135132045521e-06,,1
3898,E37_I2_P97,,0.0,0.0,0.0,,0
3899,E37_I2_P98,,0.0,0.0,0.0,,0
3900,E37_I2_P99,,0.0,0.0,0.0,,0
3901,E38_I2_P0,,5.8357008122753755e-05,2.475152199690375e-05,2.3367395738264988e-05,,22
3902,E38_I2_P1,,0.0,0.0,0.0,,0
3903,E38_I2_P2,,3.039349597881617e-06,1.1494270334518039e-06,1.1079028092260607e-06,,1
3904,E38_I2_P3,,0.0,0.0,0.0,,0
3905,E38_I2_P4,,0.0,0.0,0.0,,0
3906,E38_I2_P5,,0.0,0.0,0.0,,0
3907,E38_I2_P6,,2.471686215670067e-06,1.0053226078716485e-06,8.549977289122826e-07,,1
3908,E38_I2_P7,,0.0,0.0,0.0,,0
3909,E38_I2_P8,,0.0,0.0,0.0,,0
3910,E38_I2_P9,,0.0,0.0,0.0,,0
3911,E38_I2_P10,,0.0,0.0,0.0,,0
3912,E38_I2_P11,,5.253133294086905e-06,2.0954010115055222e-06,1.8500630293348308e-06,,2
3913,E38_I2_P12,,2.6000982416824762e-06,1.0350794596824313e-06,9.038077420171182e-07,,1
3914,E38_I2_P13,,0.0,0.0,0.0,,0
3915,E38_I2_P14,,0.0,0.0,0.0,,0
3916,E38_I2_P15,,1.0411808286376304e-05,4.188420200313873e-06,3.6960924910184954e-06,,4
3917,E38_I2_P16,,0.0,0.0,0.0,,0
3918,E38_I2_P17,,0.0,0.0,0.0,,0
3919,E38_I2_P18,,0.0,0.0,0.0,,0
3920,E38_I2_P19,,5.49737788991533e-06,2.1518692695114532e-06,1.9473149083264997e-06,,2
3921,E38_I2_P20,,0.0,0.0,0.0,,0
3922,E38_I2_P21,,0.0,0.0,0.0,,0
3923,E38_I2_P22,,5.121778455343433e-06,2.0634596245970416e-06,1.7964549207707242e-06,,2
3924,E38_I2_P23,,0.0,0.0,0.0,,0
3925,E38_I2_P24,,0.0,0.0,0.0,,0
3926,E38_I2_P25,,0.0,0.0,0.0,,0
3927,E38_I2_P26,,0.0,0.0,0.0,,0
3928,E38_I2_P27,,0.0,0.0,0.0,,0
3929,E38_I2_P28,,0.0,0.0,0.0,,0
3930,E38_I2_P29,,0.0,0.0,0.0,,0
3931,E38_I2_P30,,1.944554173119208e-05,7.706838768976985e-06,7.126961473428016e-06,,7
3932,E38_I2_P31,,0.0,0.0,0.0,,0
3933,E38_I2_P32,,0.0,0.0,0.0,,0
3934,E38_I2_P33,,3.01802874442728e-06,1.141660123586031e-06,1.0931775336712345e-06,,1
3935,E38_I2_P34,,0.0,0.0,0.0,,0
3936,E38_I2_P35,,0.0,0.0,0.0,,0
3937,E38_I2_P36,,2.4280189299930083e-06,9.82532221121743e-07,8.187617620244376e-07,,1
3938,E38_I2_P37,,5.1900045650366e-06,2.0967054962228537e-06,1.8522737586524338e-06,,2
3939,E38_I2_P38,,0.0,0.0,0.0,,0
3940,E38_I2_P39,,0.0,0.0,0.0,,0
3941,E38_I2_P40,,0.0,0.0,0.0,,0
3942,E38_I2_P41,,4.59098147370053e-06,1.9149298007281495e-06,1.560060577152211e-06,,2
3943,E38_I2_P42,,0.0,0.0,0.0,,0
3944,E38_I2_P43,,0.0,0.0,0.0,,0
3945,E38_I2_P44,,0.0,0.0,0.0,,0
3946,E38_I2_P45,,0.0,0.0,0.0,,0
3947,E38_I2_P46,,0.0,0.0,0.0,,0
3948,E38_I2_P47,,0.0,0.0,0.0,,0
3949,E38_I2_P48,,0.0,0.0,0.0,,0
3950,E38_I2_P49,,0.0,0.0,0.0,,0
3951,E38_I2_P50,,0.0,0.0,0.0,,0
3952,E38_I2_P51,,0.0,0.0,0.0,,0
3953,E38_I2_P52,,0.0,0.0,0.0,,0
3954,E38_I2_P53,,0.0,0.0,0.0,,0
3955,E38_I2_P54,,0.0,0.0,0.0,,0
3956,E38_I2_P55,,1.3223344967308754e-05,5.337045477235366e-06,4.7940293241185705e-06,,5
3957,E38_I2_P56,,0.0,0.0,0.0,,0
3958,E38_I2_P57,,0.0,0.0,0.0,,0
3959,E38_I2_P58,,2.9517236545783826e-06,1.1274412428097869e-06,1.0665540385601948e-06,,1
3960,E38_I2_P59,,1.0779654032201762e-05,4.268698999202384e-06,3.833598810050929e-06,,4
3961,E38_I2_P60,,0.0,0.0,0.0,,0
3962,E38_I2_P61,,0.0,0.0,0.0,,0
3963,E38_I2_P62,,0.0,0.0,0.0,,0
3964,E38_I2_P63,,8.33674983863924e-06,3.290090722014662e-06,3.031331845959841e-06,,3
3965,E38_I2_P64,,0.0,0.0,0.0,,0
3966,E38_I2_P65,,0.0,0.0,0.0,,0
3967,E38_I2_P66,,0.0,0.0,0.0,,0
3968,E38_I2_P67,,5.210493539976415e-06,2.0995122241699507e-06,1.857036077568397e-06,,2
3969,E38_I2_P68,,0.0,0.0,0.0,,0
3970,E38_I2_P69,,5.589631293318606e-06,2.1633286759055384e-06,1.967442757252978e-06,,2
3971,E38_I2_P70,,0.0,0.0,0.0,,0
3972,E38_I2_P71,,2.961590399991485e-06,1.1358862659760935e-06,1.0823146272386664e-06,,1
3973,E38_I2_P72,,0.0,0.0,0.0,,0
3974,E38_I2_P73,,0.0,0.0,0.0,,0
3975,E38_I2_P74,,0.0,0.0,0.0,,0
3976,E38_I2_P75,,1.79621297813554e-05,7.274024463662839e-06,6.374287218097148e-06,,7
3977,E38_I2_P76,,1.7792081634013665e-05,6.903509765932608e-06,6.660655425145474e-06,,6
3978,E38_I2_P77,,5.608046502288822e-06,2.218555197408916e-06,2.0663318348122674e-06,,2
3979,E38_I2_P78,,0.0,0.0,0.0,,0
3980,E38_I2_P79,,0.0,0.0,0.0,,0
3981,E38_I2_P80,,0.0,0.0,0.0,,0
3982,E38_I2_P81,,0.0,0.0,0.0,,0
3983,E38_I2_P82,,0.0,0.0,0.0,,0
3984,E38_I2_P83,,2.48464739094586e-06,1.009211793241393e-06,8.61280077515207e-07,,1
3985,E38_I2_P84,,2.0960452267514596e-05,8.529909707690052e-06,7.65422790846309e-06,,8
3986,E38_I2_P85,,0.0,0.0,0.0,,0
3987,E38_I2_P86,,0.0,0.0,0.0,,0
3988,E38_I2_P87,,2.893118942475215e-06,1.1314007681982954e-06,1.0739246792186985e-06,,1
3989,E38_I2_P88,,0.0,0.0,0.0,,0
3990,E38_I2_P89,,0.0,0.0,0.0,,0
3991,E38_I2_P90,,0.0,0.0,0.0,,0
3992,E38_I2_P91,,2.283198753402282e-06,9.523011313755495e-07,7.721960018779808e-07,,1
3993,E38_I2_P92,,0.0,0.0,0.0,,0
3994,E38_I2_P93,,2.6293907278097462e-05,1.0782378236957376e-05,9.776948692528651e-06,,10
3995,E38_I2_P94,,0.0,0.0,0.0,,0
3996,E38_I2_P95,,2.674418802007625e-06,1.0513631436657927e-06,9.312495692970742e-07,,1
3997,E38_I2_P96,,0.0,0.0,0.0,,0
3998,E38_I2_P97,,0.0,0.0,0.0,,0
3999,E38_I2_P98,,0.0,0.0,0.0,,0
4000,E38_I2_P99,,2.6066023386832447e-06,1.0437490488492601e-06,9.183529156786721e-07,,1
4001,E39_I2_P0,,0.0,0.0,0.0,,0
4002,E39_I2_P1,,0.0,0.0,0.0,,0
4003,E39_I2_P2,,0.0,0.0,0.0,,0
4004,E39_I2_P3,,0.0,0.0,0.0,,0
4005,E39_I2_P4,,0.0,0.0,0.0,,0
4006,E39_I2_P5,,0.0,0.0,0.0,,0
4007,E39_I2_P6,,0.0,0.0,0.0,,0
4008,E39_I2_P7,,0.0,0.0,0.0,,0
4009,E39_I2_P8,,0.0,0.0,0.0,,0
4010,E39_I2_P9,,0.0,0.0,0.0,,0
4011,E39_I2_P10,,0.0,0.0,0.0,,0
4012,E39_I2_P11,,1.8974551695146623e-05,7.639999322450393e-06,7.007180608328385e-06,,7
4013,E39_I2_P12,,0.0,0.0,0.0,,0
4014,E39_I2_P13,,0.0,0.0,0.0,,0
4015,E39_I2_P14,,0.0,0.0,0.0,,0
4016,E39_I2_P15,,0.0,0.0,0.0,,0
4017,E39_I2_P16,,1.2848029898017962e-05,5.185682404070754e-06,4.536227446444165e-06,,5
4018,E39_I2_P17,,0.0,0.0,0.0,,0
4019,E39_I2_P18,,0.0,0.0,0.0,,0
4020,E39_I2_P19,,0.0,0.0,0.0,,0
4021,E39_I2_P20,,0.0,0.0,0.0,,0
4022,E39_I2_P21,,0.0,0.0,0.0,,0
4023,E39_I2_P22,,0.0,0.0,0.0,,0
4024,E39_I2_P23,,0.0,0.0,0.0,,0
4025,E39_I2_P24,,0.0,0.0,0.0,,0
4026,E39_I2_P25,,0.0,0.0,0.0,,0
4027,E39_I2_P26,,0.0,0.0,0.0,,0
4028,E39_I2_P27,,0.0,0.0,0.0,,0
4029,E39_I2_P28,,5.479179030699303e-06,2.153800448410858e-06,1.9506975816470568e-06,,2
4030,E39_I2_P29,,2.4768288843495086e-06,1.0178450129243571e-06,8.753294521225427e-07,,1
4031,E39_I2_P30,,0.0,0.0,0.0,,0
4032,E39_I2_P31,,0.0,0.0,0.0,,0
4033,E39_I2_P32,,0.0,0.0,0.0,,0
4034,E39_I2_P33,,2.5607403691755278e-06,1.0269160348782235e-06,8.902464157566494e-07,,1
4035,E39_I2_P34,,0.0,0.0,0.0,,0
4036,E39_I2_P35,,0.0,0.0,0.0,,0
4037,E39_I2_P36,,0.0,0.0,0.0,,0
4038,E39_I2_P37,,2.8003639182735638e-06,1.0962456101597308e-06,1.009634946292469e-06,,1
4039,E39_I2_P38,,0.0,0.0,0.0,,0
4040,E39_I2_P39,,0.0,0.0,0.0,,0
4041,E39_I2_P40,,0.0,0.0,0.0,,0
4042,E39_I2_P41,,0.0,0.0,0.0,,0
4043,E39_I2_P42,,0.0,0.0,0.0,,0
4044,E39_I2_P43,,0.0,0.0,0.0,,0
4045,E39_I2_P44,,0.0,0.0,0.0,,0
4046,E39_I2_P45,,0.0,0.0,0.0,,0
4047,E39_I2_P46,,0.0,0.0,0.0,,0
4048,E39_I2_P47,,0.0,0.0,0.0,,0
4049,E39_I2_P48,,1.1185579137589348e-05,4.370632933308402e-06,4.0128763168817945e-06,,4
4050,E39_I2_P49,,0.0,0.0,0.0,,0
4051,E39_I2_P50,,0.0,0.0,0.0,,0
4052,E39_I2_P51,,0.0,0.0,0.0,,0
4053,E39_I2_P52,,0.0,0.0,0.0,,0
4054,E39_I2_P53,,4.746301303876421e-05,1.9235760088635354e-05,1.826035234423987e-05,,17
4055,E39_I2_P54,,0.0,0.0,0.0,,0
4056,E39_I2_P55,,0.0,0.0,0.0,,0
4057,E39_I2_P56,,0.0,0.0,0.0,,0
4058,E39_I2_P57,,2.857220700400365e-06,1.124720936566453e-06,1.0615094292555714e-06,,1
4059,E39_I2_P58,,0.0,0.0,0.0,,0
4060,E39_I2_P59,,5.013397967930448e-06,2.024747909800948e-06,1.7328188305422316e-06,,2
4061,E39_I2_P60,,0.0,0.0,0.0,,0
4062,E39_I2_P61,,2.7719324811581746e-06,1.0968690468433106e-06,1.0107526392646573e-06,,1
4063,E39_I2_P62,,2.7531440079037346e-06,1.0810152350823208e-06,9.825779110590127e-07,,1
4064,E39_I2_P63,,0.0,0.0,0.0,,0
4065,E39_I2_P64,,0.0,0.0,0.0,,0
4066,E39_I2_P65,,2.9767890876130167e-06,1.1457203013468333e-06,1.1008590553638533e-06,,1
4067,E39_I2_P66,,0.0,0.0,0.0,,0
4068,E39_I2_P67,,0.0,0.0,0.0,,0
4069,E39_I2_P68,,0.0,0.0,0.0,,0
4070,E39_I2_P69,,0.0,0.0,0.0,,0
4071,E39_I2_P70,,5.526814872285671e-06,2.1883643440843335e-06,2.0118826820911008e-06,,2
4072,E39_I2_P71,,0.0,0.0,0.0,,0
4073,E39_I2_P72,,0.0,0.0,0.0,,0
4074,E39_I2_P73,,0.0,0.0,0.0,,0
4075,E39_I2_P74,,2.1696364374058112e-06,9.222249406666961e-07,7.275288174164579e-07,,1
4076,E39_I2_P75,,0.0,0.0,0.0,,0
4077,E39_I2_P76,,0.0,0.0,0.0,,0
4078,E39_I2_P77,,0.0,0.0,0.0,,0
4079,E39_I2_P78,,0.0,0.0,0.0,,0
4080,E39_I2_P79,,0.0,0.0,0.0,,0
4081,E39_I2_P80,,0.0,0.0,0.0,,0
4082,E39_I2_P81,,2.9287692664628437e-06,1.1191952615590145e-06,1.051310524275417e-06,,1
4083,E39_I2_P82,,8.269683696596394e-06,3.244596883852621e-06,2.9504660998821292e-06,,3
4084,E39_I2_P83,,0.0,0.0,0.0,,0
4085,E39_I2_P84,,0.0,0.0,0.0,,0
4086,E39_I2_P85,,0.0,0.0,0.0,,0
4087,E39_I2_P86,,0.0,0.0,0.0,,0
4088,E39_I2_P87,,0.0,0.0,0.0,,0
4089,E39_I2_P88,,0.0,0.0,0.0,,0
4090,E39_I2_P89,,0.0,0.0,0.0,,0
4091,E39_I2_P90,,0.0,0.0,0.0,,0
4092,E39_I2_P91,,3.221127100831987e-06,1.200166553070532e-06,1.2073372298130196e-06,,1
4093,E39_I2_P92,,0.0,0.0,0.0,,0
4094,E39_I2_P93,,0.0,0.0,0.0,,0
4095,E39_I2_P94,,2.72125423764531e-06,1.0647633284287604e-06,9.54226699453896e-07,,1
4096,E39_I2_P95,,0.0,0.0,0.0,,0
4097,E39_I2_P96,,0.0,0.0,0.0,,0
4098,E39_I2_P97,,0.0,0.0,0.0,,0
4099,E39_I2_P98,,0.0,0.0,0.0,,0
4100,E39_I2_P99,,8.018130274349517e-06,3.198087266062173e-06,2.869246980476209e-06,,3
4101,E40_I2_P0,,0.0,0.0,0.0,,0
4102,E40_I2_P1,,0.0,0.0,0.0,,0
4103,E40_I2_P2,,0.0,0.0,0.0,,0
4104,E40_I2_P3,,4.930519410830116e-06,2.0463952468888373e-06,1.7682246494052578e-06,,2
4105,E40_I2_P4,,2.3298886186677456e-06,9.560552110678193e-07,7.778867035242352e-07,,1
4106,E40_I2_P5,,0.0,0.0,0.0,,0
4107,E40_I2_P6,,0.0,0.0,0.0,,0
4108,E40_I2_P7,,0.0,0.0,0.0,,0
4109,E40_I2_P8,,0.0,0.0,0.0,,0
4110,E40_I2_P9,,0.0,0.0,0.0,,0
4111,E40_I2_P10,,0.0,0.0,0.0,,0
4112,E40_I2_P11,,0.0,0.0,0.0,,0
4113,E40_I2_P12,,0.0,0.0,0.0,,0
4114,E40_I2_P13,,2.8226068852701016e-06,1.0971209057691302e-06,1.011204397525684e-06,,1
4115,E40_I2_P14,,8.513068503748548e-06,3.3189905515156555e-06,3.0834394122142233e-06,,3
4116,E40_I2_P15,,0.0,0.0,0.0,,0
4117,E40_I2_P16,,0.0,0.0,0.0,,0
4118,E40_I2_P17,,0.0,0.0,0.0,,0
4119,E40_I2_P18,,2.7613119310517837e-06,1.0815644093716456e-06,9.835452873427557e-07,,1
4120,E40_I2_P19,,2.8549418836181125e-06,1.122336400956186e-06,1.057100331506664e-06,,1
4121,E40_I2_P20,,0.0,0.0,0.0,,0
4122,E40_I2_P21,,0.0,0.0,0.0,,0
4123,E40_I2_P22,,0.0,0.0,0.0,,0
4124,E40_I2_P23,,2.0460217599123637e-05,8.019620498838465e-06,7.705213925633128e-06,,7
4125,E40_I2_P24,,0.0,0.0,0.0,,0
4126,E40_I2_P25,,6.141689437075018e-06,2.3501357861534203e-06,2.3148858153635503e-06,,2
4127,E40_I2_P26,,0.0,0.0,0.0,,0
4128,E40_I2_P27,,5.621255477446567e-06,2.1906078015831556e-06,2.015896350673234e-06,,2
4129,E40_I2_P28,,0.0,0.0,0.0,,0
4130,E40_I2_P29,,0.0,0.0,0.0,,0
4131,E40_I2_P30,,2.4926025530948723e-06,1.0067271007760216e-06,8.572631189118245e-07,,1
4132,E40_I2_P31,,0.0,0.0,0.0,,0
4133,E40_I2_P32,,0.0,0.0,0.0,,0
4134,E40_I2_P33,,0.0,0.0,0.0,,0
4135,E40_I2_P34,,1.6841773897030325e-05,6.676910961149277e-06,6.237722732184935e-06,,6
4136,E40_I2_P35,,0.0,0.0,0.0,,0
4137,E40_I2_P36,,0.0,0.0,0.0,,0
4138,E40_I2_P37,,4.573605461867631e-06,1.9006152835376962e-06,1.5383692363073603e-06,,2
4139,E40_I2_P38,,0.0,0.0,0.0,,0
4140,E40_I2_P39,,0.0,0.0,0.0,,0
4141,E40_I2_P40,,5.153761745834467e-06,2.05276402284608e-06,1.7787276183259641e-06,,2
4142,E40_I2_P41,,0.0,0.0,0.0,,0
4143,E40_I2_P42,,0.0,0.0,0.0,,0
4144,E40_I2_P43,,2.5764286716863948e-05,1.105817573442966e-05,9.404373974335464e-06,,11
4145,E40_I2_P44,,0.0,0.0,0.0,,0
4146,E40_I2_P45,,2.7979465632510648e-06,1.0790509908262415e-06,9.7912289681342e-07,,1
4147,E40_I2_P46,,0.0,0.0,0.0,,0
4148,E40_I2_P47,,0.0,0.0,0.0,,0
4149,E40_I2_P48,,2.7769559774175446e-06,1.1000263975611227e-06,1.0164254350300861e-06,,1
4150,E40_I2_P49,,0.0,0.0,0.0,,0
4151,E40_I2_P50,,0.0,0.0,0.0,,0
4152,E40_I2_P51,,8.268826607994507e-06,3.2706015783119157e-06,2.9965165495111935e-06,,3
4153,E40_I2_P52,,5.84029712830291e-06,2.2519971364996694e-06,2.1277535125220956e-06,,2
4154,E40_I2_P53,,0.0,0.0,0.0,,0
4155,E40_I2_P54,,6.219470015485573e-06,2.3073547417785742e-06,2.2320320028748574e-06,,2
4156,E40_I2_P55,,0.0,0.0,0.0,,0
4157,E40_I2_P56,,0.0,0.0,0.0,,0
4158,E40_I2_P57,,0.0,0.0,0.0,,0
4159,E40_I2_P58,,0.0,0.0,0.0,,0
4160,E40_I2_P59,,2.844880200841503e-06,1.1070409161803745e-06,1.0291022395065661e-06,,1
4161,E40_I2_P60,,0.0,0.0,0.0,,0
4162,E40_I2_P61,,1.7885055423075938e-05,7.194460694287173e-06,6.241729708136719e-06,,7
4163,E40_I2_P62,,0.0,0.0,0.0,,0
4164,E40_I2_P63,,0.0,0.0,0.0,,0
4165,E40_I2_P64,,0.0,0.0,0.0,,0
4166,E40_I2_P65,,0.0,0.0,0.0,,0
4167,E40_I2_P66,,0.0,0.0,0.0,,0
4168,E40_I2_P67,,0.0,0.0,0.0,,0
4169,E40_I2_P68,,6.126159093778649e-06,2.342113541271002e-06,2.299196775606442e-06,,2
4170,E40_I2_P69,,2.9568089402509047e-06,1.1401811860221275e-06,1.090388281815213e-06,,1
4171,E40_I2_P70,,0.0,0.0,0.0,,0
4172,E40_I2_P71,,2.7932104916320973e-06,1.0995044112574006e-06,1.0154861640010156e-06,,1
4173,E40_I2_P72,,0.0,0.0,0.0,,0
4174,E40_I2_P73,,1.0769859158521653e-05,4.306549830198235e-06,3.899553354907613e-06,,4
4175,E40_I2_P74,,0.0,0.0,0.0,,0
4176,E40_I2_P75,,2.487645293520721e-06,1.0164590457954833e-06,8.730643072976827e-07,,1
4177,E40_I2_P76,,0.0,0.0,0.0,,0
4178,E40_I2_P77,,0.0,0.0,0.0,,0
4179,E40_I2_P78,,0.0,0.0,0.0,,0
4180,E40_I2_P79,,1.0576211576267408e-05,4.301290512698501e-06,3.890345742320519e-06,,4
4181,E40_I2_P80,,0.0,0.0,0.0,,0
4182,E40_I2_P81,,0.0,0.0,0.0,,0
4183,E40_I2_P82,,0.0,0.0,0.0,,0
4184,E40_I2_P83,,0.0,0.0,0.0,,0
4185,E40_I2_P84,,5.825216234030142e-06,2.2588568361123075e-06,2.1404980082666033e-06,,2
4186,E40_I2_P85,,2.2930549807919524e-06,9.478435022382496e-07,7.654723002366074e-07,,1
4187,E40_I2_P86,,6.2780779203583394e-06,2.3718211221199793e-06,2.3576509309184704e-06,,2
4188,E40_I2_P87,,0.0,0.0,0.0,,0
4189,E40_I2_P88,,0.0,0.0,0.0,,0
4190,E40_I2_P89,,5.127211870081009e-06,2.090749132405129e-06,1.8421931309223632e-06,,2
4191,E40_I2_P90,,0.0,0.0,0.0,,0
4192,E40_I2_P91,,0.0,0.0,0.0,,0
4193,E40_I2_P92,,0.0,0.0,0.0,,0
4194,E40_I2_P93,,0.0,0.0,0.0,,0
4195,E40_I2_P94,,2.531211775647201e-06,1.038915036752747e-06,9.102245523970763e-07,,1
4196,E40_I2_P95,,0.0,0.0,0.0,,0
4197,E40_I2_P96,,0.0,0.0,0.0,,0
4198,E40_I2_P97,,0.0,0.0,0.0,,0
4199,E40_I2_P98,,2.4680125198198276e-06,9.977579563554724e-07,8.428609989462131e-07,,1
4200,E40_I2_P99,,0.0,0.0,0.0,,0
4201,E41_I2_P0,,2.5103905408411426e-05,1.046685645705079e-05,9.233132912794907e-06,,10
4202,E41_I2_P1,,0.0,0.0,0.0,,0
4203,E41_I2_P2,,0.0,0.0,0.0,,0
4204,E41_I2_P3,,0.0,0.0,0.0,,0
4205,E41_I2_P4,,0.0,0.0,0.0,,0
4206,E41_I2_P5,,0.0,0.0,0.0,,0
4207,E41_I2_P6,,0.0,0.0,0.0,,0
4208,E41_I2_P7,,0.0,0.0,0.0,,0
4209,E41_I2_P8,,0.0,0.0,0.0,,0
4210,E41_I2_P9,,0.0,0.0,0.0,,0
4211,E41_I2_P10,,2.407617306841221e-06,9.81237034957671e-07,8.167318963207862e-07,,1
4212,E41_I2_P11,,0.0,0.0,0.0,,0
4213,E41_I2_P12,,0.0,0.0,0.0,,0
4214,E41_I2_P13,,0.0,0.0,0.0,,0
4215,E41_I2_P14,,1.2822672794869941e-05,5.257138787876536e-06,4.656797515691662e-06,,5
4216,E41_I2_P15,,0.0,0.0,0.0,,0
4217,E41_I2_P16,,0.0,0.0,0.0,,0
4218,E41_I2_P17,,5.576874888931392e-06,2.1887617577838377e-06,2.0125932994228134e-06,,2
4219,E41_I2_P18,,0.0,0.0,0.0,,0
4220,E41_I2_P19,,0.0,0.0,0.0,,0
4221,E41_I2_P20,,0.0,0.0,0.0,,0
4222,E41_I2_P21,,0.0,0.0,0.0,,0
4223,E41_I2_P22,,0.0,0.0,0.0,,0
4224,E41_I2_P23,,2.4023056461074095e-06,9.812190389193438e-07,8.167037143889107e-07,,1
4225,E41_I2_P24,,0.0,0.0,0.0,,0
4226,E41_I2_P25,,2.40277433453884e-06,9.891599945106704e-07,8.291983973253377e-07,,1
4227,E41_I2_P26,,0.0,0.0,0.0,,0
4228,E41_I2_P27,,0.0,0.0,0.0,,0
4229,E41_I2_P28,,0.0,0.0,0.0,,0
4230,E41_I2_P29,,0.0,0.0,0.0,,0
4231,E41_I2_P30,,0.0,0.0,0.0,,0
4232,E41_I2_P31,,0.0,0.0,0.0,,0
4233,E41_I2_P32,,2.8365384095081276e-06,1.1028714634449244e-06,1.0215548064153643e-06,,1
4234,E41_I2_P33,,0.0,0.0,0.0,,0
4235,E41_I2_P34,,2.6347308104836907e-06,1.0485961730673353e-06,9.265496310942644e-07,,1
4236,E41_I2_P35,,5.804038313796963e-06,2.245601639621467e-06,2.1159162393397497e-06,,2
4237,E41_I2_P36,,0.0,0.0,0.0,,0
4238,E41_I2_P37,,0.0,0.0,0.0,,0
4239,E41_I2_P38,,0.0,0.0,0.0,,0
4240,E41_I2_P39,,0.0,0.0,0.0,,0
4241,E41_I2_P40,,0.0,0.0,0.0,,0
4242,E41_I2_P41,,0.0,0.0,0.0,,0
4243,E41_I2_P42,,0.0,0.0,0.0,,0
4244,E41_I2_P43,,0.0,0.0,0.0,,0
4245,E41_I2_P44,,0.0,0.0,0.0,,0
4246,E41_I2_P45,,0.0,0.0,0.0,,0
4247,E41_I2_P46,,0.0,0.0,0.0,,0
4248,E41_I2_P47,,0.0,0.0,0.0,,0
4249,E41_I2_P48,,0.0,0.0,0.0,,0
4250,E41_I2_P49,,0.0,0.0,0.0,,0
4251,E41_I2_P50,,0.0,0.0,0.0,,0
4252,E41_I2_P51,,2.944563351780761e-06,1.12928845467167e-06,1.0699884815739959e-06,,1
4253,E41_I2_P52,,2.693666627395489e-06,1.067417713665694e-06,9.588208038226268e-07,,1
4254,E41_I2_P53,,0.0,0.0,0.0,,0
4255,E41_I2_P54,,0.0,0.0,0.0,,0
4256,E41_I2_P55,,0.0,0.0,0.0,,0
4257,E41_I2_P56,,5.274189105452332e-06,2.111641761876191e-06,1.8777068317546514e-06,,2
4258,E41_I2_P57,,0.0,0.0,0.0,,0
4259,E41_I2_P58,,0.0,0.0,0.0,,0
4260,E41_I2_P59,,0.0,0.0,0.0,,0
4261,E41_I2_P60,,0.0,0.0,0.0,,0
4262,E41_I2_P61,,0.0,0.0,0.0,,0
4263,E41_I2_P62,,0.0,0.0,0.0,,0
4264,E41_I2_P63,,0.0,0.0,0.0,,0
4265,E41_I2_P64,,0.0,0.0,0.0,,0
4266,E41_I2_P65,,0.0,0.0,0.0,,0
4267,E41_I2_P66,,2.707544271482264e-06,1.074865977426137e-06,9.717877858422667e-07,,1
4268,E41_I2_P67,,0.0,0.0,0.0,,0
4269,E41_I2_P68,,0.0,0.0,0.0,,0
4270,E41_I2_P69,,0.0,0.0,0.0,,0
4271,E41_I2_P70,,0.0,0.0,0.0,,0
4272,E41_I2_P71,,0.0,0.0,0.0,,0
4273,E41_I2_P72,,0.0,0.0,0.0,,0
4274,E41_I2_P73,,0.0,0.0,0.0,,0
4275,E41_I2_P74,,0.0,0.0,0.0,,0
4276,E41_I2_P75,,2.6783720778781164e-06,1.0629896759272325e-06,9.511648202179594e-07,,1
4277,E41_I2_P76,,0.0,0.0,0.0,,0
4278,E41_I2_P77,,2.931312589754826e-06,1.1293804254452397e-06,1.0701596678224392e-06,,1
4279,E41_I2_P78,,2.6176442365867877e-06,1.0384704538749596e-06,9.094792980911622e-07,,1
4280,E41_I2_P79,,0.0,0.0,0.0,,0
4281,E41_I2_P80,,0.0,0.0,0.0,,0
4282,E41_I2_P81,,2.3724414737047546e-06,9.625882216348201e-07,7.878516428085494e-07,,1
4283,E41_I2_P82,,2.847880911688903e-06,1.1203271544621375e-06,1.053394458302434e-06,,1
4284,E41_I2_P83,,0.0,0.0,0.0,,0
4285,E41_I2_P84,,0.0,0.0,0.0,,0
4286,E41_I2_P85,,0.0,0.0,0.0,,0
4287,E41_I2_P86,,2.727134862308227e-06,1.0770713775102455e-06,9.75648782048843e-07,,1
4288,E41_I2_P87,,0.0,0.0,0.0,,0
4289,E41_I2_P88,,0.0,0.0,0.0,,0
4290,E41_I2_P89,,0.0,0.0,0.0,,0
4291,E41_I2_P90,,0.0,0.0,0.0,,0
4292,E41_I2_P91,,0.0,0.0,0.0,,0
4293,E41_I2_P92,,0.0,0.0,0.0,,0
4294,E41_I2_P93,,0.0,0.0,0.0,,0
4295,E41_I2_P94,,0.0,0.0,0.0,,0
4296,E41_I2_P95,,0.0,0.0,0.0,,0
4297,E41_I2_P96,,0.0,0.0,0.0,,0
4298,E41_I2_P97,,0.0,0.0,0.0,,0
4299,E41_I2_P98,,0.0,0.0,0.0,,0
4300,E41_I2_P99,,0.0,0.0,0.0,,0
4301,E42_I2_P0,,0.0,0.0,0.0,,0
4302,E42_I2_P1,,0.0,0.0,0.0,,0
4303,E42_I2_P2,,0.0,0.0,0.0,,0
4304,E42_I2_P3,,0.0,0.0,0.0,,0
4305,E42_I2_P4,,0.0,0.0,0.0,,0
4306,E42_I2_P5,,0.0,0.0,0.0,,0
4307,E42_I2_P6,,0.0,0.0,0.0,,0
4308,E42_I2_P7,,0.0,0.0,0.0,,0
4309,E42_I2_P8,,0.0,0.0,0.0,,0
4310,E42_I2_P9,,3.0256245272125896e-06,1.1515585816559888e-06,1.111966707716771e-06,,1
4311,E42_I2_P10,,0.0,0.0,0.0,,0
4312,E42_I2_P11,,1.3823626529989296e-05,5.426425956748416e-06,4.950578376071676e-06,,5
4313,E42_I2_P12,,0.0,0.0,0.0,,0
4314,E42_I2_P13,,0.0,0.0,0.0,,0
4315,E42_I2_P14,,0.0,0.0,0.0,,0
4316,E42_I2_P15,,8.195521037646192e-06,3.244340002533211e-06,2.9500134963117458e-06,,3
4317,E42_I2_P16,,0.0,0.0,0.0,,0
4318,E42_I2_P17,,6.957647626194774e-05,2.9175301125920475e-05,2.8543097508358847e-05,,25
4319,E42_I2_P18,,0.0,0.0,0.0,,0
4320,E42_I2_P19,,0.0,0.0,0.0,,0
4321,E42_I2_P20,,0.0,0.0,0.0,,0
4322,E42_I2_P21,,0.0,0.0,0.0,,0
4323,E42_I2_P22,,0.0,0.0,0.0,,0
4324,E42_I2_P23,,0.0,0.0,0.0,,0
4325,E42_I2_P24,,0.0,0.0,0.0,,0
4326,E42_I2_P25,,0.0,0.0,0.0,,0
4327,E42_I2_P26,,0.0,0.0,0.0,,0
4328,E42_I2_P27,,0.0,0.0,0.0,,0
4329,E42_I2_P28,,0.0,0.0,0.0,,0
4330,E42_I2_P29,,2.803243164842596e-06,1.0952725471201823e-06,1.0078920466986623e-06,,1
4331,E42_I2_P30,,0.0,0.0,0.0,,0
4332,E42_I2_P31,,2.5571818427483344e-06,1.00866718431585e-06,8.603986054659403e-07,,1
4333,E42_I2_P32,,5.441649201032142e-06,2.150044470451021e-06,1.944122044205447e-06,,2
4334,E42_I2_P33,,5.862646406084635e-06,2.28020654365941e-06,2.180482933360081e-06,,2
4335,E42_I2_P34,,1.499131301354078e-05,6.179305259266641e-06,5.370973112908597e-06,,6
4336,E42_I2_P35,,1.361950393875576e-05,5.444817434826434e-06,4.983194177635923e-06,,5
4337,E42_I2_P36,,0.0,0.0,0.0,,0
4338,E42_I2_P37,,0.0,0.0,0.0,,0
4339,E42_I2_P38,,7.413344961534666e-06,3.0789780127724067e-06,2.6678138266121097e-06,,3
4340,E42_I2_P39,,2.844832471393758e-06,1.108837310608318e-06,1.0323651640763764e-06,,1
4341,E42_I2_P40,,0.0,0.0,0.0,,0
4342,E42_I2_P41,,0.0,0.0,0.0,,0
4343,E42_I2_P42,,0.0,0.0,0.0,,0
4344,E42_I2_P43,,0.0,0.0,0.0,,0
4345,E42_I2_P44,,0.0,0.0,0.0,,0
4346,E42_I2_P45,,0.0,0.0,0.0,,0
4347,E42_I2_P46,,0.0,0.0,0.0,,0
4348,E42_I2_P47,,0.0,0.0,0.0,,0
4349,E42_I2_P48,,0.0,0.0,0.0,,0
4350,E42_I2_P49,,0.0,0.0,0.0,,0
4351,E42_I2_P50,,0.0,0.0,0.0,,0
4352,E42_I2_P51,,0.0,0.0,0.0,,0
4353,E42_I2_P52,,0.0,0.0,0.0,,0
4354,E42_I2_P53,,0.0,0.0,0.0,,0
4355,E42_I2_P54,,0.0,0.0,0.0,,0
4356,E42_I2_P55,,0.0,0.0,0.0,,0
4357,E42_I2_P56,,0.0,0.0,0.0,,0
4358,E42_I2_P57,,0.0,0.0,0.0,,0
4359,E42_I2_P58,,0.0,0.0,0.0,,0
4360,E42_I2_P59,,2.5902439612130977e-06,1.0389407318056757e-06,9.102676368905986e-07,,1
4361,E42_I2_P60,,0.0,0.0,0.0,,0
4362,E42_I2_P61,,0.0,0.0,0.0,,0
4363,E42_I2_P62,,0.0,0.0,0.0,,0
4364,E42_I2_P63,,0.0,0.0,0.0,,0
4365,E42_I2_P64,,3.1944085239579675e-06,1.1869086817781589e-06,1.1808069280304082e-06,,1
4366,E42_I2_P65,,0.0,0.0,0.0,,0
4367,E42_I2_P66,,0.0,0.0,0.0,,0
4368,E42_I2_P67,,2.0128723005011296e-05,8.130192115439795e-06,6.982097465716811e-06,,8
4369,E42_I2_P68,,0.0,0.0,0.0,,0
4370,E42_I2_P69,,0.0,0.0,0.0,,0
4371,E42_I2_P70,,0.0,0.0,0.0,,0
4372,E42_I2_P71,,2.535791870855855e-06,1.021202551508318e-06,8.808322102722652e-07,,1
4373,E42_I2_P72,,0.0,0.0,0.0,,0
4374,E42_I2_P73,,1.4937612943715331e-05,6.207701421471138e-06,5.4182150909481276e-06,,6
4375,E42_I2_P74,,0.0,0.0,0.0,,0
4376,E42_I2_P75,,3.0745080019900236e-06,1.1569389630775332e-06,1.1222683287460617e-06,,1
4377,E42_I2_P76,,0.0,0.0,0.0,,0
4378,E42_I2_P77,,2.4419101063818152e-06,9.866873683095384e-07,8.252951306968319e-07,,1
4379,E42_I2_P78,,1.4363198416175711e-05,5.6148312196298375e-06,5.291318850640885e-06,,5
4380,E42_I2_P79,,2.8736306420655158e-06,1.1058343316373971e-06,1.0269143994964012e-06,,1
4381,E42_I2_P80,,0.0,0.0,0.0,,0
4382,E42_I2_P81,,0.0,0.0,0.0,,0
4383,E42_I2_P82,,0.0,0.0,0.0,,0
4384,E42_I2_P83,,0.0,0.0,0.0,,0
4385,E42_I2_P84,,2.6292323352388818e-06,1.0469936029708768e-06,9.23834467340142e-07,,1
4386,E42_I2_P85,,3.0505702448726716e-05,1.2694839861646794e-05,1.1309029600442561e-05,,12
4387,E42_I2_P86,,0.0,0.0,0.0,,0
4388,E42_I2_P87,,2.9437050786186206e-06,1.12714873674444e-06,1.066010856787571e-06,,1
4389,E42_I2_P88,,0.0,0.0,0.0,,0
4390,E42_I2_P89,,0.0,0.0,0.0,,0
4391,E42_I2_P90,,0.0,0.0,0.0,,0
4392,E42_I2_P91,,0.0,0.0,0.0,,0
4393,E42_I2_P92,,0.0,0.0,0.0,,0
4394,E42_I2_P93,,0.0,0.0,0.0,,0
4395,E42_I2_P94,,0.0,0.0,0.0,,0
4396,E42_I2_P95,,0.0,0.0,0.0,,0
4397,E42_I2_P96,,0.0,0.0,0.0,,0
4398,E42_I2_P97,,0.0,0.0,0.0,,0
4399,E42_I2_P98,,0.0,0.0,0.0,,0
4400,E42_I2_P99,,0.0,0.0,0.0,,0
4401,E43_I2_P0,,0.0,0.0,0.0,,0
4402,E43_I2_P1,,0.0,0.0,0.0,,0
4403,E43_I2_P2,,8.235841380610732e-06,3.2188555098748174e-06,2.905334048045509e-06,,3
4404,E43_I2_P3,,0.0,0.0,0.0,,0
4405,E43_I2_P4,,0.0,0.0,0.0,,0
4406,E43_I2_P5,,8.053170697134027e-06,3.2183629026546966e-06,2.904474730585765e-06,,3
4407,E43_I2_P6,,3.0392942504277266e-06,1.1610505559478624e-06,1.1301829483647667e-06,,1
4408,E43_I2_P7,,0.0,0.0,0.0,,0
4409,E43_I2_P8,,1.7499258538962926e-05,6.8000876390415945e-06,6.465369192785187e-06,,6
4410,E43_I2_P9,,0.0,0.0,0.0,,0
4411,E43_I2_P10,,0.0,0.0,0.0,,0
4412,E43_I2_P11,,0.0,0.0,0.0,,0
4413,E43_I2_P12,,0.0,0.0,0.0,,0
4414,E43_I2_P13,,0.0,0.0,0.0,,0
4415,E43_I2_P14,,1.257611208320972e-05,5.227362517509442e-06,4.606310184321502e-06,,5
4416,E43_I2_P15,,8.24518151577828e-06,3.232273488953464e-06,2.928803710599048e-06,,3
4417,E43_I2_P16,,6.60861389435714e-06,2.4434276616773164e-06,2.5026011410609904e-06,,2
4418,E43_I2_P17,,0.0,0.0,0.0,,0
4419,E43_I2_P18,,0.0,0.0,0.0,,0
4420,E43_I2_P19,,0.0,0.0,0.0,,0
4421,E43_I2_P20,,0.0,0.0,0.0,,0
4422,E43_I2_P21,,0.0,0.0,0.0,,0
4423,E43_I2_P22,,0.0,0.0,0.0,,0
4424,E43_I2_P23,,2.551162449730787e-06,1.030676150068243e-06,8.964766674017776e-07,,1
4425,E43_I2_P24,,7.823938186793091e-06,3.1312861584309432e-06,2.7551245316288295e-06,,3
4426,E43_I2_P25,,0.0,0.0,0.0,,0
4427,E43_I2_P26,,0.0,0.0,0.0,,0
4428,E43_I2_P27,,2.8104483372310174e-06,1.1044237929876994e-06,1.0243605749223727e-06,,1
4429,E43_I2_P28,,0.0,0.0,0.0,,0
4430,E43_I2_P29,,0.0,0.0,0.0,,0
4431,E43_I2_P30,,2.598079764796955e-05,1.0777460985480756e-05,9.768319873402575e-06,,10
4432,E43_I2_P31,,2.5136895589353296e-06,1.0211150376768857e-06,8.806885046591725e-07,,1
4433,E43_I2_P32,,0.0,0.0,0.0,,0
4434,E43_I2_P33,,2.839809101588315e-06,1.1001196780544914e-06,1.0165933448716678e-06,,1
4435,E43_I2_P34,,0.0,0.0,0.0,,0
4436,E43_I2_P35,,0.0,0.0,0.0,,0
4437,E43_I2_P36,,2.023070852035878e-05,7.918062030020575e-06,7.514220662603978e-06,,7
4438,E43_I2_P37,,2.8156159969989875e-06,1.1023590475055953e-06,1.02062973364881e-06,,1
4439,E43_I2_P38,,2.7575953241059486e-06,1.099498822076589e-06,1.0154761097821067e-06,,1
4440,E43_I2_P39,,0.0,0.0,0.0,,0
4441,E43_I2_P40,,8.271779956488442e-06,3.2505091760009486e-06,2.9608954537424238e-06,,3
4442,E43_I2_P41,,0.0,0.0,0.0,,0
4443,E43_I2_P42,,0.0,0.0,0.0,,0
4444,E43_I2_P43,,0.0,0.0,0.0,,0
4445,E43_I2_P44,,0.0,0.0,0.0,,0
4446,E43_I2_P45,,0.0,0.0,0.0,,0
4447,E43_I2_P46,,4.9031776313778036e-06,2.0200035815037113e-06,1.7251194645229182e-06,,2
4448,E43_I2_P47,,0.0,0.0,0.0,,0
4449,E43_I2_P48,,2.7585833204757113e-06,1.0735498104412561e-06,9.694882653140367e-07,,1
4450,E43_I2_P49,,0.0,0.0,0.0,,0
4451,E43_I2_P50,,0.0,0.0,0.0,,0
4452,E43_I2_P51,,1.8168964001686236e-05,7.335225333457831e-06,6.477460058361915e-06,,7
4453,E43_I2_P52,,2.9168910881707524e-06,1.12350431710287e-06,1.0592583549664784e-06,,1
4454,E43_I2_P53,,0.0,0.0,0.0,,0
4455,E43_I2_P54,,0.0,0.0,0.0,,0
4456,E43_I2_P55,,0.0,0.0,0.0,,0
4457,E43_I2_P56,,0.0,0.0,0.0,,0
4458,E43_I2_P57,,8.830549326619012e-06,3.3796453035290554e-06,3.194689999262559e-06,,3
4459,E43_I2_P58,,0.0,0.0,0.0,,0
4460,E43_I2_P59,,0.0,0.0,0.0,,0
4461,E43_I2_P60,,0.0,0.0,0.0,,0
4462,E43_I2_P61,,0.0,0.0,0.0,,0
4463,E43_I2_P62,,0.0,0.0,0.0,,0
4464,E43_I2_P63,,0.0,0.0,0.0,,0
4465,E43_I2_P64,,0.0,0.0,0.0,,0
4466,E43_I2_P65,,8.033896271497938e-05,3.28821141196592e-05,3.357050271827821e-05,,27
4467,E43_I2_P66,,0.0,0.0,0.0,,0
4468,E43_I2_P67,,0.0,0.0,0.0,,0
4469,E43_I2_P68,,1.8181274226155036e-05,6.989252901269651e-06,6.825472663981981e-06,,6
4470,E43_I2_P69,,0.0,0.0,0.0,,0
4471,E43_I2_P70,,0.0,0.0,0.0,,0
4472,E43_I2_P71,,0.0,0.0,0.0,,0
4473,E43_I2_P72,,2.9100403510112203e-06,1.1197246662389145e-06,1.0522848787715207e-06,,1
4474,E43_I2_P73,,0.0,0.0,0.0,,0
4475,E43_I2_P74,,0.0,0.0,0.0,,0
4476,E43_I2_P75,,2.8294874619003053e-06,1.1185222510933918e-06,1.0500727175356894e-06,,1
4477,E43_I2_P76,,2.472790703577826e-06,1.0008158666091846e-06,8.477539817944832e-07,,1
4478,E43_I2_P77,,0.0,0.0,0.0,,0
4479,E43_I2_P78,,0.0,0.0,0.0,,0
4480,E43_I2_P79,,2.6861720306143408e-05,1.0528155944074e-05,1.0324244365687031e-05,,9
4481,E43_I2_P80,,0.0,0.0,0.0,,0
4482,E43_I2_P81,,1.2399965233057437e-05,5.0834788550202676e-06,4.367254673835952e-06,,5
4483,E43_I2_P82,,0.0,0.0,0.0,,0
4484,E43_I2_P83,,0.0,0.0,0.0,,0
4485,E43_I2_P84,,0.0,0.0,0.0,,0
4486,E43_I2_P85,,0.0,0.0,0.0,,0
4487,E43_I2_P86,,0.0,0.0,0.0,,0
4488,E43_I2_P87,,0.0,0.0,0.0,,0
4489,E43_I2_P88,,0.0,0.0,0.0,,0
4490,E43_I2_P89,,0.0,0.0,0.0,,0
4491,E43_I2_P90,,0.0,0.0,0.0,,0
4492,E43_I2_P91,,0.0,0.0,0.0,,0
4493,E43_I2_P92,,1.252332031039743e-05,5.1128422563033026e-06,4.415385321846268e-06,,5
4494,E43_I2_P93,,8.264743690256583e-06,3.314708645863776e-06,3.0756825516272545e-06,,3
4495,E43_I2_P94,,0.0,0.0,0.0,,0
4496,E43_I2_P95,,0.0,0.0,0.0,,0
4497,E43_I2_P96,,0.0,0.0,0.0,,0
4498,E43_I2_P97,,0.0,0.0,0.0,,0
4499,E43_I2_P98,,0.0,0.0,0.0,,0
4500,E43_I2_P99,,0.0,0.0,0.0,,0
4501,E44_I2_P0,,0.0,0.0,0.0,,0
4502,E44_I2_P1,,0.0,0.0,0.0,,0
4503,E44_I2_P2,,0.0,0.0,0.0,,0
4504,E44_I2_P3,,0.0,0.0,0.0,,0
4505,E44_I2_P4,,0.0,0.0,0.0,,0
4506,E44_I2_P5,,0.0,0.0,0.0,,0
4507,E44_I2_P6,,0.0,0.0,0.0,,0
4508,E44_I2_P7,,0.0,0.0,0.0,,0
4509,E44_I2_P8,,0.0,0.0,0.0,,0
4510,E44_I2_P9,,0.0,0.0,0.0,,0
4511,E44_I2_P10,,7.599967885255553e-06,3.1083629703270787e-06,2.7166420131403976e-06,,3
4512,E44_I2_P11,,0.0,0.0,0.0,,0
4513,E44_I2_P12,,0.0,0.0,0.0,,0
4514,E44_I2_P13,,0.0,0.0,0.0,,0
4515,E44_I2_P14,,1.3968382914509095e-05,5.53722574105101e-06,5.149179452508345e-06,,5
4516,E44_I2_P15,,0.0,0.0,0.0,,0
4517,E44_I2_P16,,0.0,0.0,0.0,,0
4518,E44_I2_P17,,0.0,0.0,0.0,,0
4519,E44_I2_P18,,0.0,0.0,0.0,,0
4520,E44_I2_P19,,2.6348507698397366e-06,1.0434646930145287e-06,9.178734982155393e-07,,1
4521,E44_I2_P20,,3.2188616321671975e-06,1.2016046775369579e-06,1.2102387407707951e-06,,1
4522,E44_I2_P21,,1.2635570450558664e-05,5.223301745939575e-06,4.599452113264268e-06,,5
4523,E44_I2_P22,,2.856553514820251e-06,1.102950352345681e-06,1.0216972741627575e-06,,1
4524,E44_I2_P23,,0.0,0.0,0.0,,0
4525,E44_I2_P24,,0.0,0.0,0.0,,0
4526,E44_I2_P25,,0.0,0.0,0.0,,0
4527,E44_I2_P26,,0.0,0.0,0.0,,0
4528,E44_I2_P27,,0.0,0.0,0.0,,0
4529,E44_I2_P28,,0.0,0.0,0.0,,0
4530,E44_I2_P29,,2.7094180030324935e-06,1.0595837957728593e-06,9.453028844972218e-07,,1
4531,E44_I2_P30,,0.0,0.0,0.0,,0
4532,E44_I2_P31,,0.0,0.0,0.0,,0
4533,E44_I2_P32,,0.0,0.0,0.0,,0
4534,E44_I2_P33,,2.5674959500873697e-05,1.0458971755860582e-05,9.219797671540099e-06,,10
4535,E44_I2_P34,,0.0,0.0,0.0,,0
4536,E44_I2_P35,,2.515718045671259e-06,1.0201169203923287e-06,8.79050555076473e-07,,1
4537,E44_I2_P36,,0.0,0.0,0.0,,0
4538,E44_I2_P37,,0.0,0.0,0.0,,0
4539,E44_I2_P38,,0.0,0.0,0.0,,0
4540,E44_I2_P39,,0.0,0.0,0.0,,0
4541,E44_I2_P40,,0.0,0.0,0.0,,0
4542,E44_I2_P41,,0.0,0.0,0.0,,0
4543,E44_I2_P42,,0.0,0.0,0.0,,0
4544,E44_I2_P43,,0.0,0.0,0.0,,0
4545,E44_I2_P44,,0.0,0.0,0.0,,0
4546,E44_I2_P45,,0.0,0.0,0.0,,0
4547,E44_I2_P46,,0.0,0.0,0.0,,0
4548,E44_I2_P47,,0.0,0.0,0.0,,0
4549,E44_I2_P48,,0.0,0.0,0.0,,0
4550,E44_I2_P49,,0.0,0.0,0.0,,0
4551,E44_I2_P50,,0.0,0.0,0.0,,0
4552,E44_I2_P51,,0.0,0.0,0.0,,0
4553,E44_I2_P52,,0.0,0.0,0.0,,0
4554,E44_I2_P53,,0.0,0.0,0.0,,0
4555,E44_I2_P54,,0.0,0.0,0.0,,0
4556,E44_I2_P55,,0.0,0.0,0.0,,0
4557,E44_I2_P56,,0.0,0.0,0.0,,0
4558,E44_I2_P57,,0.0,0.0,0.0,,0
4559,E44_I2_P58,,0.0,0.0,0.0,,0
4560,E44_I2_P59,,0.0,0.0,0.0,,0
4561,E44_I2_P60,,0.0,0.0,0.0,,0
4562,E44_I2_P61,,0.0,0.0,0.0,,0
4563,E44_I2_P62,,0.0,0.0,0.0,,0
4564,E44_I2_P63,,0.0,0.0,0.0,,0
4565,E44_I2_P64,,2.9762240688074312e-06,1.152916457538749e-06,1.1145606764045833e-06,,1
4566,E44_I2_P65,,0.0,0.0,0.0,,0
4567,E44_I2_P66,,4.3524041597576585e-05,1.7715872555034186e-05,1.647147539380338e-05,,16
4568,E44_I2_P67,,1.276649529783151e-05,5.185602469416098e-06,4.536093697551417e-06,,5
4569,E44_I2_P68,,5.289456983231103e-06,2.1260509648213592e-06,1.9024531419845963e-06,,2
4570,E44_I2_P69,,0.0,0.0,0.0,,0
4571,E44_I2_P70,,0.0,0.0,0.0,,0
4572,E44_I2_P71,,1.2327739904234963e-05,4.762093184837353e-06,4.7520047520047526e-06,,4
4573,E44_I2_P72,,0.0,0.0,0.0,,0
4574,E44_I2_P73,,0.0,0.0,0.0,,0
4575,E44_I2_P74,,2.5891881128096633e-06,1.043578411069602e-06,9.180652051221612e-07,,1
4576,E44_I2_P75,,0.0,0.0,0.0,,0
4577,E44_I2_P76,,0.0,0.0,0.0,,0
4578,E44_I2_P77,,0.0,0.0,0.0,,0
4579,E44_I2_P78,,0.0,0.0,0.0,,0
4580,E44_I2_P79,,0.0,0.0,0.0,,0
4581,E44_I2_P80,,0.0,0.0,0.0,,0
4582,E44_I2_P81,,0.0,0.0,0.0,,0
4583,E44_I2_P82,,5.221239517835657e-06,2.1059465921709648e-06,1.8679830966209588e-06,,2
4584,E44_I2_P83,,0.0,0.0,0.0,,0
4585,E44_I2_P84,,0.0,0.0,0.0,,0
4586,E44_I2_P85,,0.0,0.0,0.0,,0
4587,E44_I2_P86,,0.0,0.0,0.0,,0
4588,E44_I2_P87,,0.0,0.0,0.0,,0
4589,E44_I2_P88,,0.0,0.0,0.0,,0
4590,E44_I2_P89,,0.0,0.0,0.0,,0
4591,E44_I2_P90,,0.0,0.0,0.0,,0
4592,E44_I2_P91,,0.0,0.0,0.0,,0
4593,E44_I2_P92,,2.6859889470560215e-06,1.0582300960317377e-06,9.429794472914566e-07,,1
4594,E44_I2_P93,,0.0,0.0,0.0,,0
4595,E44_I2_P94,,0.0,0.0,0.0,,0
4596,E44_I2_P95,,0.0,0.0,0.0,,0
4597,E44_I2_P96,,0.0,0.0,0.0,,0
4598,E44_I2_P97,,0.0,0.0,0.0,,0
4599,E44_I2_P98,,2.5678630440135714e-06,1.0339914831717244e-06,9.019928404318291e-07,,1
4600,E44_I2_P99,,0.0,0.0,0.0,,0
4601,E45_I2_P0,,0.0,0.0,0.0,,0
4602,E45_I2_P1,,0.0,0.0,0.0,,0
4603,E45_I2_P2,,3.0032564548650247e-06,1.1604313445873957e-06,1.1289886463256783e-06,,1
4604,E45_I2_P3,,0.0,0.0,0.0,,0
4605,E45_I2_P4,,2.756433775255801e-06,1.0729413536511726e-06,9.684263942676905e-07,,1
4606,E45_I2_P5,,0.0,0.0,0.0,,0
4607,E45_I2_P6,,0.0,0.0,0.0,,0
4608,E45_I2_P7,,0.0,0.0,0.0,,0
4609,E45_I2_P8,,0.0,0.0,0.0,,0
4610,E45_I2_P9,,2.5313498386122095e-05,1.0516316079259741e-05,9.317063876392378e-06,,10
4611,E45_I2_P10,,0.0,0.0,0.0,,0
4612,E45_I2_P11,,2.98352387641186e-06,1.1603475604285183e-06,1.1288271119438093e-06,,1
4613,E45_I2_P12,,0.0,0.0,0.0,,0
4614,E45_I2_P13,,0.0,0.0,0.0,,0
4615,E45_I2_P14,,3.139899938866477e-06,1.1765096330595676e-06,1.16027115536901e-06,,1
4616,E45_I2_P15,,0.0,0.0,0.0,,0
4617,E45_I2_P16,,0.0,0.0,0.0,,0
4618,E45_I2_P17,,0.0,0.0,0.0,,0
4619,E45_I2_P18,,9.933673132107074e-06,4.083680483626203e-06,3.521473948135732e-06,,4
4620,E45_I2_P19,,0.0,0.0,0.0,,0
4621,E45_I2_P20,,0.0,0.0,0.0,,0
4622,E45_I2_P21,,2.474422385166045e-05,9.938033137647491e-06,9.216023593020398e-06,,9
4623,E45_I2_P22,,0.0,0.0,0.0,,0
4624,E45_I2_P23,,0.0,0.0,0.0,,0
4625,E45_I2_P24,,0.0,0.0,0.0,,0
4626,E45_I2_P25,,0.0,0.0,0.0,,0
4627,E45_I2_P26,,0.0,0.0,0.0,,0
4628,E45_I2_P27,,0.0,0.0,0.0,,0
4629,E45_I2_P28,,0.0,0.0,0.0,,0
4630,E45_I2_P29,,2.5658542237370596e-06,1.0333971375563664e-06,9.010023651312085e-07,,1
4631,E45_I2_P30,,0.0,0.0,0.0,,0
4632,E45_I2_P31,,0.0,0.0,0.0,,0
4633,E45_I2_P32,,1.2447744048762579e-05,4.7506029783809805e-06,4.7291260072668935e-06,,4
4634,E45_I2_P33,,0.0,0.0,0.0,,0
4635,E45_I2_P34,,0.0,0.0,0.0,,0
4636,E45_I2_P35,,0.0,0.0,0.0,,0
4637,E45_I2_P36,,0.0,0.0,0.0,,0
4638,E45_I2_P37,,7.824250851621657e-06,3.1463167642630203e-06,2.780544806046573e-06,,3
4639,E45_I2_P38,,0.0,0.0,0.0,,0
4640,E45_I2_P39,,0.0,0.0,0.0,,0
4641,E45_I2_P40,,2.3733354798788685e-06,9.8167196820731e-07,8.174131896974877e-07,,1
4642,E45_I2_P41,,0.0,0.0,0.0,,0
4643,E45_I2_P42,,5.326170344661741e-06,2.1234666720598927e-06,1.8979996033180831e-06,,2
4644,E45_I2_P43,,9.848073414264623e-06,4.063774410690925e-06,3.4888913698783076e-06,,4
4645,E45_I2_P44,,0.0,0.0,0.0,,0
4646,E45_I2_P45,,2.6678578486699225e-06,1.0422871793658504e-06,9.158899347588704e-07,,1
4647,E45_I2_P46,,0.0,0.0,0.0,,0
4648,E45_I2_P47,,5.1439568739458046e-06,2.083040518263635e-06,1.8291990006171261e-06,,2
4649,E45_I2_P48,,0.0,0.0,0.0,,0
4650,E45_I2_P49,,2.6806087285023766e-06,1.0720966107131317e-06,9.66953400581719e-07,,1
4651,E45_I2_P50,,0.0,0.0,0.0,,0
4652,E45_I2_P51,,0.0,0.0,0.0,,0
4653,E45_I2_P52,,0.0,0.0,0.0,,0
4654,E45_I2_P53,,0.0,0.0,0.0,,0
4655,E45_I2_P54,,0.0,0.0,0.0,,0
4656,E45_I2_P55,,0.0,0.0,0.0,,0
4657,E45_I2_P56,,0.0,0.0,0.0,,0
4658,E45_I2_P57,,0.0,0.0,0.0,,0
4659,E45_I2_P58,,0.0,0.0,0.0,,0
4660,E45_I2_P59,,2.8300984778139518e-06,1.095543742244268e-06,1.008377601110022e-06,,1
4661,E45_I2_P60,,0.0,0.0,0.0,,0
4662,E45_I2_P61,,0.0,0.0,0.0,,0
4663,E45_I2_P62,,8.877278632698889e-06,3.392503773135465e-06,3.2186061182483703e-06,,3
4664,E45_I2_P63,,0.0,0.0,0.0,,0
4665,E45_I2_P64,,0.0,0.0,0.0,,0
4666,E45_I2_P65,,2.2465397521537265e-06,9.437570883436794e-07,7.593403610283747e-07,,1
4667,E45_I2_P66,,0.0,0.0,0.0,,0
4668,E45_I2_P67,,5.743945242566466e-06,2.2467996055056253e-06,2.118130241710433e-06,,2
4669,E45_I2_P68,,0.0,0.0,0.0,,0
4670,E45_I2_P69,,0.0,0.0,0.0,,0
4671,E45_I2_P70,,0.0,0.0,0.0,,0
4672,E45_I2_P71,,1.4065781789192332e-05,5.912276190030932e-06,4.9394099051633295e-06,,6
4673,E45_I2_P72,,0.0,0.0,0.0,,0
4674,E45_I2_P73,,0.0,0.0,0.0,,0
4675,E45_I2_P74,,5.7459811822010994e-06,2.2293567433047384e-06,2.0860424723462475e-06,,2
4676,E45_I2_P75,,0.0,0.0,0.0,,0
4677,E45_I2_P76,,0.0,0.0,0.0,,0
4678,E45_I2_P77,,0.0,0.0,0.0,,0
4679,E45_I2_P78,,0.0,0.0,0.0,,0
4680,E45_I2_P79,,2.8123306395096487e-06,1.0996423013936177e-06,1.0157342311069623e-06,,1
4681,E45_I2_P80,,0.0,0.0,0.0,,0
4682,E45_I2_P81,,2.673191762177012e-06,1.064895208917699e-06,9.544546186655532e-07,,1
4683,E45_I2_P82,,0.0,0.0,0.0,,0
4684,E45_I2_P83,,1.046821319023307e-05,4.19174128891722e-06,3.7017174580861476e-06,,4
4685,E45_I2_P84,,0.0,0.0,0.0,,0
4686,E45_I2_P85,,1.0856992622113956e-05,4.331898283290321e-06,3.944128462236079e-06,,4
4687,E45_I2_P86,,0.0,0.0,0.0,,0
4688,E45_I2_P87,,0.0,0.0,0.0,,0
4689,E45_I2_P88,,6.381935166765397e-06,2.3836354639162253e-06,2.3811692374365047e-06,,2
4690,E45_I2_P89,,0.0,0.0,0.0,,0
4691,E45_I2_P90,,0.00015405630132002732,7.324476927956276e-05,7.139190415806848e-05,,63
4692,E45_I2_P91,,0.0,0.0,0.0,,0
4693,E45_I2_P92,,0.0,0.0,0.0,,0
4694,E45_I2_P93,,0.0,0.0,0.0,,0
4695,E45_I2_P94,,0.0,0.0,0.0,,0
4696,E45_I2_P95,,0.0,0.0,0.0,,0
4697,E45_I2_P96,,0.0,0.0,0.0,,0
4698,E45_I2_P97,,0.0,0.0,0.0,,0
4699,E45_I2_P98,,0.0,0.0,0.0,,0
4700,E45_I2_P99,,0.0,0.0,0.0,,0
4701,E46_I2_P0,,2.74298539159131e-06,1.098562758811065e-06,1.0137931628775303e-06,,1
4702,E46_I2_P1,,0.0,0.0,0.0,,0
4703,E46_I2_P2,,0.0,0.0,0.0,,0
4704,E46_I2_P3,,0.0,0.0,0.0,,0
4705,E46_I2_P4,,0.0,0.0,0.0,,0
4706,E46_I2_P5,,0.0,0.0,0.0,,0
4707,E46_I2_P6,,2.770605920141343e-06,1.09303410868959e-06,1.003890074036893e-06,,1
4708,E46_I2_P7,,0.0,0.0,0.0,,0
4709,E46_I2_P8,,0.0,0.0,0.0,,0
4710,E46_I2_P9,,0.0,0.0,0.0,,0
4711,E46_I2_P10,,0.0,0.0,0.0,,0
4712,E46_I2_P11,,0.0,0.0,0.0,,0
4713,E46_I2_P12,,0.0,0.0,0.0,,0
4714,E46_I2_P13,,2.9279222351600056e-06,1.1358030365711734e-06,1.0821585600365338e-06,,1
4715,E46_I2_P14,,0.0,0.0,0.0,,0
4716,E46_I2_P15,,0.0,0.0,0.0,,0
4717,E46_I2_P16,,6.46121630101782e-05,2.6721101227950593e-05,2.6026902764622878e-05,,23
4718,E46_I2_P17,,0.0,0.0,0.0,,0
4719,E46_I2_P18,,0.0,0.0,0.0,,0
4720,E46_I2_P19,,0.0,0.0,0.0,,0
4721,E46_I2_P20,,0.0,0.0,0.0,,0
4722,E46_I2_P21,,0.0,0.0,0.0,,0
4723,E46_I2_P22,,0.0,0.0,0.0,,0
4724,E46_I2_P23,,1.1228856343963542e-05,4.353719162709983e-06,3.982762603452259e-06,,4
4725,E46_I2_P24,,0.0,0.0,0.0,,0
4726,E46_I2_P25,,0.0,0.0,0.0,,0
4727,E46_I2_P26,,0.0,0.0,0.0,,0
4728,E46_I2_P27,,0.0,0.0,0.0,,0
4729,E46_I2_P28,,0.0,0.0,0.0,,0
4730,E46_I2_P29,,2.6717015783646364e-06,1.0523550325499457e-06,9.329380785673803e-07,,1
4731,E46_I2_P30,,0.0,0.0,0.0,,0
4732,E46_I2_P31,,0.0,0.0,0.0,,0
4733,E46_I2_P32,,0.0,0.0,0.0,,0
4734,E46_I2_P33,,0.0,0.0,0.0,,0
4735,E46_I2_P34,,8.308486710986664e-06,3.2819892905383284e-06,3.0168278658356313e-06,,3
4736,E46_I2_P35,,0.0,0.0,0.0,,0
4737,E46_I2_P36,,0.0,0.0,0.0,,0
4738,E46_I2_P37,,0.0,0.0,0.0,,0
4739,E46_I2_P38,,0.0,0.0,0.0,,0
4740,E46_I2_P39,,9.403937820181016e-06,3.593552299232426e-06,3.608024245922933e-06,,3
4741,E46_I2_P40,,0.0,0.0,0.0,,0
4742,E46_I2_P41,,0.0,0.0,0.0,,0
4743,E46_I2_P42,,0.0,0.0,0.0,,0
4744,E46_I2_P43,,0.0,0.0,0.0,,0
4745,E46_I2_P44,,0.0,0.0,0.0,,0
4746,E46_I2_P45,,0.0,0.0,0.0,,0
4747,E46_I2_P46,,0.0,0.0,0.0,,0
4748,E46_I2_P47,,0.0,0.0,0.0,,0
4749,E46_I2_P48,,1.876978014560181e-05,7.522993020232329e-06,6.800645867053203e-06,,7
4750,E46_I2_P49,,0.0,0.0,0.0,,0
4751,E46_I2_P50,,0.0,0.0,0.0,,0
4752,E46_I2_P51,,2.796180040330409e-06,1.0932689740916554e-06,1.004309492030302e-06,,1
4753,E46_I2_P52,,0.0,0.0,0.0,,0
4754,E46_I2_P53,,0.0,0.0,0.0,,0
4755,E46_I2_P54,,0.0,0.0,0.0,,0
4756,E46_I2_P55,,0.0,0.0,0.0,,0
4757,E46_I2_P56,,0.0,0.0,0.0,,0
4758,E46_I2_P57,,5.654042720463295e-06,2.2070962731706915e-06,2.045554498685731e-06,,2
4759,E46_I2_P58,,0.0,0.0,0.0,,0
4760,E46_I2_P59,,0.0,0.0,0.0,,0
4761,E46_I2_P60,,0.0,0.0,0.0,,0
4762,E46_I2_P61,,2.798529811699507e-06,1.093935760215317e-06,1.0055008437408954e-06,,1
4763,E46_I2_P62,,0.0,0.0,0.0,,0
4764,E46_I2_P63,,0.0,0.0,0.0,,0
4765,E46_I2_P64,,0.0,0.0,0.0,,0
4766,E46_I2_P65,,0.0,0.0,0.0,,0
4767,E46_I2_P66,,0.0,0.0,0.0,,0
4768,E46_I2_P67,,4.945623244889165e-06,2.0480452475804167e-06,1.7709419418821129e-06,,2
4769,E46_I2_P68,,0.0,0.0,0.0,,0
4770,E46_I2_P69,,0.0,0.0,0.0,,0
4771,E46_I2_P70,,0.0,0.0,0.0,,0
4772,E46_I2_P71,,0.0,0.0,0.0,,0
4773,E46_I2_P72,,2.794531239821435e-06,1.0818410567279715e-06,9.840328371757767e-07,,1
4774,E46_I2_P73,,0.0,0.0,0.0,,0
4775,E46_I2_P74,,0.0,0.0,0.0,,0
4776,E46_I2_P75,,1.556037719547261e-05,6.264387085376592e-06,5.513309819066956e-06,,6
4777,E46_I2_P76,,0.0,0.0,0.0,,0
4778,E46_I2_P77,,0.0,0.0,0.0,,0
4779,E46_I2_P78,,0.0,0.0,0.0,,0
4780,E46_I2_P79,,4.800667286467661e-06,1.95455838010508e-06,1.6210969557825544e-06,,2
4781,E46_I2_P80,,1.9501969203089728e-05,7.734941146126483e-06,7.177716676040423e-06,,7
4782,E46_I2_P81,,0.0,0.0,0.0,,0
4783,E46_I2_P82,,0.0,0.0,0.0,,0
4784,E46_I2_P83,,0.0,0.0,0.0,,0
4785,E46_I2_P84,,0.0,0.0,0.0,,0
4786,E46_I2_P85,,4.955564557818194e-06,2.007502749108764e-06,1.7049357249887527e-06,,2
4787,E46_I2_P86,,5.4180940517711316e-06,2.118484824168432e-06,1.8894332031041498e-06,,2
4788,E46_I2_P87,,0.0,0.0,0.0,,0
4789,E46_I2_P88,,0.0,0.0,0.0,,0
4790,E46_I2_P89,,1.0332373595513709e-05,4.190828288707237e-06,3.7001705547365073e-06,,4
4791,E46_I2_P90,,5.248435399288707e-06,2.107404940801676e-06,1.8704699555763387e-06,,2
4792,E46_I2_P91,,0.0,0.0,0.0,,0
4793,E46_I2_P92,,0.0,0.0,0.0,,0
4794,E46_I2_P93,,0.0,0.0,0.0,,0
4795,E46_I2_P94,,0.0,0.0,0.0,,0
4796,E46_I2_P95,,0.0,0.0,0.0,,0
4797,E46_I2_P96,,0.0,0.0,0.0,,0
4798,E46_I2_P97,,2.477216292428276e-06,1.0240380897612743e-06,8.854964535867035e-07,,1
4799,E46_I2_P98,,0.0,0.0,0.0,,0
4800,E46_I2_P99,,0.0,0.0,0.0,,0
4801,E47_I2_P0,,5.178390732604785e-06,2.0834770714230667e-06,1.8299333172299204e-06,,2
4802,E47_I2_P1,,0.0,0.0,0.0,,0
4803,E47_I2_P2,,2.8737768215388608e-06,1.103981028334453e-06,1.023559787406632e-06,,1
4804,E47_I2_P3,,0.0,0.0,0.0,,0
4805,E47_I2_P4,,0.0,0.0,0.0,,0
4806,E47_I2_P5,,0.0,0.0,0.0,,0
4807,E47_I2_P6,,0.0,0.0,0.0,,0
4808,E47_I2_P7,,1.0664569115188981e-05,4.249042372453726e-06,3.7996321006218573e-06,,4
4809,E47_I2_P8,,0.0,0.0,0.0,,0
4810,E47_I2_P9,,1.0122115712069116e-05,4.128055154257612e-06,3.594798775521667e-06,,4
4811,E47_I2_P10,,5.943910786798083e-06,2.2919101420638156e-06,2.202608604435448e-06,,2
4812,E47_I2_P11,,7.604132767515429e-06,3.09072681602642e-06,2.687269062814914e-06,,3
4813,E47_I2_P12,,0.0,0.0,0.0,,0
4814,E47_I2_P13,,0.0,0.0,0.0,,0
4815,E47_I2_P14,,0.0,0.0,0.0,,0
4816,E47_I2_P15,,0.0,0.0,0.0,,0
4817,E47_I2_P16,,0.0,0.0,0.0,,0
4818,E47_I2_P17,,0.0,0.0,0.0,,0
4819,E47_I2_P18,,0.0,0.0,0.0,,0
4820,E47_I2_P19,,2.6209329569040826e-06,1.0394260372240369e-06,9.110816224359316e-07,,1
4821,E47_I2_P20,,0.0,0.0,0.0,,0
4822,E47_I2_P21,,1.3382315326396198e-05,5.35081191788798e-06,4.8179304098131615e-06,,5
4823,E47_I2_P22,,0.0,0.0,0.0,,0
4824,E47_I2_P23,,2.662472148467967e-05,1.0771719854296805e-05,9.758251516493277e-06,,10
4825,E47_I2_P24,,2.878370829865572e-06,1.107152847622975e-06,1.0293053526966257e-06,,1
4826,E47_I2_P25,,0.0,0.0,0.0,,0
4827,E47_I2_P26,,0.0,0.0,0.0,,0
4828,E47_I2_P27,,0.0,0.0,0.0,,0
4829,E47_I2_P28,,0.0,0.0,0.0,,0
4830,E47_I2_P29,,4.144426016377761e-05,1.763768289698596e-05,1.5433822040768897e-05,,17
4831,E47_I2_P30,,0.0,0.0,0.0,,0
4832,E47_I2_P31,,3.0482431908946363e-06,1.1557767692381534e-06,1.1200378124765492e-06,,1
4833,E47_I2_P32,,0.0,0.0,0.0,,0
4834,E47_I2_P33,,0.0,0.0,0.0,,0
4835,E47_I2_P34,,0.0,0.0,0.0,,0
4836,E47_I2_P35,,5.120603271093196e-06,2.0760911905335807e-06,1.817534940973281e-06,,2
4837,E47_I2_P36,,0.0,0.0,0.0,,0
4838,E47_I2_P37,,2.865594949591192e-06,1.114688029683173e-06,1.0430389147388702e-06,,1
4839,E47_I2_P38,,0.0,0.0,0.0,,0
4840,E47_I2_P39,,0.0,0.0,0.0,,0
4841,E47_I2_P40,,2.9862154324029937e-06,1.1407639387328144e-06,1.0914867850966211e-06,,1
4842,E47_I2_P41,,0.0,0.0,0.0,,0
4843,E47_I2_P42,,0.0,0.0,0.0,,0
4844,E47_I2_P43,,0.0,0.0,0.0,,0
4845,E47_I2_P44,,4.723839538164359e-06,1.959026602779316e-06,1.6280705410404023e-06,,2
4846,E47_I2_P45,,0.0,0.0,0.0,,0
4847,E47_I2_P46,,0.0,0.0,0.0,,0
4848,E47_I2_P47,,0.0,0.0,0.0,,0
4849,E47_I2_P48,,0.0,0.0,0.0,,0
4850,E47_I2_P49,,0.0,0.0,0.0,,0
4851,E47_I2_P50,,0.0,0.0,0.0,,0
4852,E47_I2_P51,,0.0,0.0,0.0,,0
4853,E47_I2_P52,,0.0,0.0,0.0,,0
4854,E47_I2_P53,,0.0,0.0,0.0,,0
4855,E47_I2_P54,,2.9104429927767053e-06,1.116050087757157e-06,1.0455340535668918e-06,,1
4856,E47_I2_P55,,0.0,0.0,0.0,,0
4857,E47_I2_P56,,0.0,0.0,0.0,,0
4858,E47_I2_P57,,0.0,0.0,0.0,,0
4859,E47_I2_P58,,0.0,0.0,0.0,,0
4860,E47_I2_P59,,0.0,0.0,0.0,,0
4861,E47_I2_P60,,0.0,0.0,0.0,,0
4862,E47_I2_P61,,0.0,0.0,0.0,,0
4863,E47_I2_P62,,0.0,0.0,0.0,,0
4864,E47_I2_P63,,2.6356859665003967e-06,1.055619923142832e-06,9.385097778641207e-07,,1
4865,E47_I2_P64,,0.00010001963721995363,4.800506226506138e-05,4.0637552400218935e-05,,48
4866,E47_I2_P65,,1.686043329398204e-05,6.598815655749247e-06,6.096136065756988e-06,,6
4867,E47_I2_P66,,0.0,0.0,0.0,,0
4868,E47_I2_P67,,0.0,0.0,0.0,,0
4869,E47_I2_P68,,1.577328477559284e-05,6.366171379945528e-06,5.6867200159986395e-06,,6
4870,E47_I2_P69,,0.0,0.0,0.0,,0
4871,E47_I2_P70,,0.0,0.0,0.0,,0
4872,E47_I2_P71,,0.0,0.0,0.0,,0
4873,E47_I2_P72,,0.0,0.0,0.0,,0
4874,E47_I2_P73,,2.7185537746204815e-05,1.0680966911585283e-05,1.0624856675110477e-05,,9
4875,E47_I2_P74,,0.0,0.0,0.0,,0
4876,E47_I2_P75,,0.0,0.0,0.0,,0
4877,E47_I2_P76,,9.515283237517288e-06,3.577274343506111e-06,3.5753923620680664e-06,,3
4878,E47_I2_P77,,0.0,0.0,0.0,,0
4879,E47_I2_P78,,0.0,0.0,0.0,,0
4880,E47_I2_P79,,2.4039607718302866e-06,9.98592950126106e-07,8.441953130276222e-07,,1
4881,E47_I2_P80,,1.5867673167863058e-05,6.46086159001563e-06,5.851146824777657e-06,,6
4882,E47_I2_P81,,2.891640778371055e-06,1.1274253189515089e-06,1.0665244634048794e-06,,1
4883,E47_I2_P82,,0.0,0.0,0.0,,0
4884,E47_I2_P83,,0.0,0.0,0.0,,0
4885,E47_I2_P84,,0.0,0.0,0.0,,0
4886,E47_I2_P85,,0.0,0.0,0.0,,0
4887,E47_I2_P86,,8.238794017488215e-06,3.261963096714446e-06,2.981167961984146e-06,,3
4888,E47_I2_P87,,0.0,0.0,0.0,,0
4889,E47_I2_P88,,0.0,0.0,0.0,,0
4890,E47_I2_P89,,0.0,0.0,0.0,,0
4891,E47_I2_P90,,0.0,0.0,0.0,,0
4892,E47_I2_P91,,7.130314859964926e-05,3.0565191976512e-05,2.902838761283442e-05,,27
4893,E47_I2_P92,,0.0,0.0,0.0,,0
4894,E47_I2_P93,,0.0,0.0,0.0,,0
4895,E47_I2_P94,,0.0,0.0,0.0,,0
4896,E47_I2_P95,,0.0,0.0,0.0,,0
4897,E47_I2_P96,,0.0,0.0,0.0,,0
4898,E47_I2_P97,,0.0,0.0,0.0,,0
4899,E47_I2_P98,,9.063665182643526e-06,3.466584391327267e-06,3.358682993224697e-06,,3
4900,E47_I2_P99,,0.0,0.0,0.0,,0
4901,E48_I2_P0,,0.0,0.0,0.0,,0
4902,E48_I2_P1,,0.0,0.0,0.0,,0
4903,E48_I2_P2,,0.0,0.0,0.0,,0
4904,E48_I2_P3,,0.0,0.0,0.0,,0
4905,E48_I2_P4,,0.0,0.0,0.0,,0
4906,E48_I2_P5,,0.0,0.0,0.0,,0
4907,E48_I2_P6,,1.0492852939347685e-05,4.251235946523016e-06,3.8034129926489534e-06,,4
4908,E48_I2_P7,,2.7184981192327794e-06,1.0693302876981607e-06,9.62139798912782e-07,,1
4909,E48_I2_P8,,0.0,0.0,0.0,,0
4910,E48_I2_P9,,0.0,0.0,0.0,,0
4911,E48_I2_P10,,0.0,0.0,0.0,,0
4912,E48_I2_P11,,1.1382637038996255e-05,4.785454410165034e-06,3.897305987236323e-06,,5
4913,E48_I2_P12,,0.0,0.0,0.0,,0
4914,E48_I2_P13,,2.7320378642279285e-06,1.080217741352792e-06,9.811742104245836e-07,,1
4915,E48_I2_P14,,0.0,0.0,0.0,,0
4916,E48_I2_P15,,0.0,0.0,0.0,,0
4917,E48_I2_P16,,8.980998450683856e-06,3.432477328062536e-06,3.293703673714735e-06,,3
4918,E48_I2_P17,,0.0,0.0,0.0,,0
4919,E48_I2_P18,,0.0,0.0,0.0,,0
4920,E48_I2_P19,,0.0,0.0,0.0,,0
4921,E48_I2_P20,,0.0,0.0,0.0,,0
4922,E48_I2_P21,,0.0,0.0,0.0,,0
4923,E48_I2_P22,,0.0,0.0,0.0,,0
4924,E48_I2_P23,,0.0,0.0,0.0,,0
4925,E48_I2_P24,,0.0,0.0,0.0,,0
4926,E48_I2_P25,,0.0,0.0,0.0,,0
4927,E48_I2_P26,,0.0,0.0,0.0,,0
4928,E48_I2_P27,,0.0,0.0,0.0,,0
4929,E48_I2_P28,,0.0,0.0,0.0,,0
4930,E48_I2_P29,,0.0,0.0,0.0,,0
4931,E48_I2_P30,,2.9393058894708923e-06,1.1201588411319434e-06,1.0530844052416223e-06,,1
4932,E48_I2_P31,,0.0,0.0,0.0,,0
4933,E48_I2_P32,,3.0545032514554955e-06,1.1836763380897378e-06,1.1743981209630065e-06,,1
4934,E48_I2_P33,,0.0,0.0,0.0,,0
4935,E48_I2_P34,,0.0,0.0,0.0,,0
4936,E48_I2_P35,,2.90757712800299e-06,1.1282900476077468e-06,1.068131288289169e-06,,1
4937,E48_I2_P36,,0.0,0.0,0.0,,0
4938,E48_I2_P37,,2.564286472170613e-06,1.0394260372240341e-06,9.110816224359316e-07,,1
4939,E48_I2_P38,,0.0,0.0,0.0,,0
4940,E48_I2_P39,,1.0522206772068834e-05,4.200820676893978e-06,3.717123206836533e-06,,4
4941,E48_I2_P40,,1.1414635214229177e-05,4.471128795663847e-06,4.194850820617692e-06,,4
4942,E48_I2_P41,,0.0,0.0,0.0,,0
4943,E48_I2_P42,,0.0,0.0,0.0,,0
4944,E48_I2_P43,,0.0,0.0,0.0,,0
4945,E48_I2_P44,,0.0,0.0,0.0,,0
4946,E48_I2_P45,,5.6175958125723095e-06,2.1967761219928297e-06,2.0269585486976792e-06,,2
4947,E48_I2_P46,,0.0,0.0,0.0,,0
4948,E48_I2_P47,,2.856708295195862e-06,1.1085440409612722e-06,1.0318320177475108e-06,,1
4949,E48_I2_P48,,0.0,0.0,0.0,,0
4950,E48_I2_P49,,0.0,0.0,0.0,,0
4951,E48_I2_P50,,0.0,0.0,0.0,,0
4952,E48_I2_P51,,3.665333664117619e-05,1.5378136221779988e-05,1.331140796536904e-05,,15
4953,E48_I2_P52,,0.0,0.0,0.0,,0
4954,E48_I2_P53,,0.0,0.0,0.0,,0
4955,E48_I2_P54,,0.0,0.0,0.0,,0
4956,E48_I2_P55,,0.0,0.0,0.0,,0
4957,E48_I2_P56,,2.454429753272268e-06,9.887728972602164e-07,8.285865680317217e-07,,1
4958,E48_I2_P57,,0.0,0.0,0.0,,0
4959,E48_I2_P58,,0.0,0.0,0.0,,0
4960,E48_I2_P59,,2.4453086172833147e-06,9.95792691310751e-07,8.397257455714964e-07,,1
4961,E48_I2_P60,,7.948985918575647e-06,3.1627181190042873e-06,2.8084536326645624e-06,,3
4962,E48_I2_P61,,0.0,0.0,0.0,,0
4963,E48_I2_P62,,4.507993728372733e-05,1.8730511635590867e-05,1.7333399268224668e-05,,17
4964,E48_I2_P63,,2.7546545191848407e-06,1.0814466675110704e-06,9.833378321039153e-07,,1
4965,E48_I2_P64,,0.0,0.0,0.0,,0
4966,E48_I2_P65,,0.0,0.0,0.0,,0
4967,E48_I2_P66,,0.0,0.0,0.0,,0
4968,E48_I2_P67,,0.0,0.0,0.0,,0
4969,E48_I2_P68,,6.682138044576041e-05,2.9581009332084452e-05,2.6318733016192603e-05,,28
4970,E48_I2_P69,,0.0,0.0,0.0,,0
4971,E48_I2_P70,,0.0,0.0,0.0,,0
4972,E48_I2_P71,,0.0,0.0,0.0,,0
4973,E48_I2_P72,,0.0,0.0,0.0,,0
4974,E48_I2_P73,,0.0,0.0,0.0,,0
4975,E48_I2_P74,,0.0,0.0,0.0,,0
4976,E48_I2_P75,,0.0,0.0,0.0,,0
4977,E48_I2_P76,,0.0,0.0,0.0,,0
4978,E48_I2_P77,,0.0,0.0,0.0,,0
4979,E48_I2_P78,,0.0,0.0,0.0,,0
4980,E48_I2_P79,,0.0,0.0,0.0,,0
4981,E48_I2_P80,,2.631312734017512e-05,1.0726688905654655e-05,9.679511378265625e-06,,10
4982,E48_I2_P81,,0.0,0.0,0.0,,0
4983,E48_I2_P82,,2.7167978935940983e-05,1.1313557766092571e-05,9.821639035122181e-06,,11
4984,E48_I2_P83,,0.0,0.0,0.0,,0
4985,E48_I2_P84,,0.0,0.0,0.0,,0
4986,E48_I2_P85,,1.6570426682239615e-05,6.158120137860069e-06,6.359381359381359e-06,,5
4987,E48_I2_P86,,0.0,0.0,0.0,,0
4988,E48_I2_P87,,0.0,0.0,0.0,,0
4989,E48_I2_P88,,0.0,0.0,0.0,,0
4990,E48_I2_P89,,0.0,0.0,0.0,,0
4991,E48_I2_P90,,0.0,0.0,0.0,,0
4992,E48_I2_P91,,1.0775204095755171e-05,4.301424075045622e-06,3.890579399673872e-06,,4
4993,E48_I2_P92,,0.0,0.0,0.0,,0
4994,E48_I2_P93,,0.0,0.0,0.0,,0
4995,E48_I2_P94,,0.0,0.0,0.0,,0
4996,E48_I2_P95,,0.0,0.0,0.0,,0
4997,E48_I2_P96,,8.756380568342599e-06,3.430324709503729e-06,3.2896305909327912e-06,,3
4998,E48_I2_P97,,7.567546620458131e-06,3.0358210448377502e-06,2.597114778621936e-06,,3
4999,E48_I2_P98,,0.0,0.0,0.0,,0
5000,E48_I2_P99,,0.0,0.0,0.0,,0
5001,E49_I2_P0,,0.0,0.0,0.0,,0
5002,E49_I2_P1,,0.0,0.0,0.0,,0
5003,E49_I2_P2,,0.0,0.0,0.0,,0
5004,E49_I2_P3,,5.0165273152041775e-06,2.044964345791862e-06,1.7658703180155858e-06,,2
5005,E49_I2_P4,,8.298354946610172e-06,3.252764567865472e-06,2.9648802521927145e-06,,3
5006,E49_I2_P5,,0.0,0.0,0.0,,0
5007,E49_I2_P6,,0.0,0.0,0.0,,0
5008,E49_I2_P7,,0.0,0.0,0.0,,0
5009,E49_I2_P8,,0.0,0.0,0.0,,0
5010,E49_I2_P9,,0.0,0.0,0.0,,0
5011,E49_I2_P10,,8.104042233543637e-06,3.2076168585764567e-06,2.8857696924923817e-06,,3
5012,E49_I2_P11,,0.0,0.0,0.0,,0
5013,E49_I2_P12,,0.0,0.0,0.0,,0
5014,E49_I2_P13,,2.821121277795424e-06,1.0948688490481187e-06,1.007169536344468e-06,,1
5015,E49_I2_P14,,0.0,0.0,0.0,,0
5016,E49_I2_P15,,0.0,0.0,0.0,,0
5017,E49_I2_P16,,0.0,0.0,0.0,,0
5018,E49_I2_P17,,2.623518927749653e-06,1.0520495754453598e-06,9.324178854533953e-07,,1
5019,E49_I2_P18,,0.0,0.0,0.0,,0
5020,E49_I2_P19,,1.862245641332955e-05,7.547664765870163e-06,6.843864084770057e-06,,7
5021,E49_I2_P20,,0.0,0.0,0.0,,0
5022,E49_I2_P21,,0.0,0.0,0.0,,0
5023,E49_I2_P22,,0.0,0.0,0.0,,0
5024,E49_I2_P23,,2.636980820092117e-06,1.0543278137571096e-06,9.363021915323172e-07,,1
5025,E49_I2_P24,,0.0,0.0,0.0,,0
5026,E49_I2_P25,,2.569463180102352e-06,1.0328147516860604e-06,9.000324911729314e-07,,1
5027,E49_I2_P26,,2.785087619310999e-06,1.1006480383586709e-06,1.0175447611580778e-06,,1
5028,E49_I2_P27,,0.0,0.0,0.0,,0
5029,E49_I2_P28,,0.0,0.0,0.0,,0
5030,E49_I2_P29,,0.0,0.0,0.0,,0
5031,E49_I2_P30,,5.3071211325644056e-06,2.0973173958074065e-06,1.8533113345277927e-06,,2
5032,E49_I2_P31,,0.0,0.0,0.0,,0
5033,E49_I2_P32,,0.0,0.0,0.0,,0
5034,E49_I2_P33,,0.0,0.0,0.0,,0
5035,E49_I2_P34,,0.0,0.0,0.0,,0
5036,E49_I2_P35,,0.0,0.0,0.0,,0
5037,E49_I2_P36,,0.0,0.0,0.0,,0
5038,E49_I2_P37,,2.4704599726459685e-06,1.0049542372982983e-06,8.544041865805143e-07,,1
5039,E49_I2_P38,,1.4197791268438382e-05,5.576842551381011e-06,5.221424968645343e-06,,5
5040,E49_I2_P39,,2.890126832753685e-06,1.1215778926971742e-06,1.05570033312624e-06,,1
5041,E49_I2_P40,,0.0,0.0,0.0,,0
5042,E49_I2_P41,,0.0,0.0,0.0,,0
5043,E49_I2_P42,,0.0,0.0,0.0,,0
5044,E49_I2_P43,,0.0,0.0,0.0,,0
5045,E49_I2_P44,,0.0,0.0,0.0,,0
5046,E49_I2_P45,,0.0,0.0,0.0,,0
5047,E49_I2_P46,,0.0,0.0,0.0,,0
5048,E49_I2_P47,,1.557666250279003e-05,6.346076692051867e-06,5.652212311224942e-06,,6
5049,E49_I2_P48,,0.0,0.0,0.0,,0
5050,E49_I2_P49,,0.0,0.0,0.0,,0
5051,E49_I2_P50,,0.0,0.0,0.0,,0
5052,E49_I2_P51,,0.0,0.0,0.0,,0
5053,E49_I2_P52,,1.5586825205683716e-05,6.320655678695178e-06,5.608750398454976e-06,,6
5054,E49_I2_P53,,5.333623893188835e-06,2.1323640020485894e-06,1.913360638584113e-06,,2
5055,E49_I2_P54,,7.721886851380247e-06,3.0912925684049344e-06,2.68820817484106e-06,,3
5056,E49_I2_P55,,2.8202621297308743e-06,1.096460100340617e-06,1.0100193923723336e-06,,1
5057,E49_I2_P56,,1.112435253904295e-05,4.3954336992959125e-06,4.057298179211368e-06,,4
5058,E49_I2_P57,,0.0,0.0,0.0,,0
5059,E49_I2_P58,,0.0,0.0,0.0,,0
5060,E49_I2_P59,,2.6068294628558198e-06,1.040450009045905e-06,9.128006137671327e-07,,1
5061,E49_I2_P60,,0.0,0.0,0.0,,0
5062,E49_I2_P61,,1.836277260585449e-05,7.426285530474379e-06,6.632933462201755e-06,,7
5063,E49_I2_P62,,0.0,0.0,0.0,,0
5064,E49_I2_P63,,0.0,0.0,0.0,,0
5065,E49_I2_P64,,0.0,0.0,0.0,,0
5066,E49_I2_P65,,0.0,0.0,0.0,,0
5067,E49_I2_P66,,0.0,0.0,0.0,,0
5068,E49_I2_P67,,0.0,0.0,0.0,,0
5069,E49_I2_P68,,0.0,0.0,0.0,,0
5070,E49_I2_P69,,0.0,0.0,0.0,,0
5071,E49_I2_P70,,0.0,0.0,0.0,,0
5072,E49_I2_P71,,0.0,0.0,0.0,,0
5073,E49_I2_P72,,0.0,0.0,0.0,,0
5074,E49_I2_P73,,0.0,0.0,0.0,,0
5075,E49_I2_P74,,2.9189547280531793e-06,1.1332934517783382e-06,1.0774596518296882e-06,,1
5076,E49_I2_P75,,0.0,0.0,0.0,,0
5077,E49_I2_P76,,0.0,0.0,0.0,,0
5078,E49_I2_P77,,0.0,0.0,0.0,,0
5079,E49_I2_P78,,0.0,0.0,0.0,,0
5080,E49_I2_P79,,0.0,0.0,0.0,,0
5081,E49_I2_P80,,8.755654986519164e-06,3.4195473705377886e-06,3.2692879817704503e-06,,3
5082,E49_I2_P81,,2.800941833250173e-06,1.1034578503294635e-06,1.022614087940721e-06,,1
5083,E49_I2_P82,,5.231096519238867e-06,2.0855758564687117e-06,1.833466259637157e-06,,2
5084,E49_I2_P83,,2.312342283181909e-06,9.628412384404055e-07,7.882391564895139e-07,,1
5085,E49_I2_P84,,5.529811419710353e-06,2.202784469825887e-06,2.0377716254056124e-06,,2
5086,E49_I2_P85,,0.0,0.0,0.0,,0
5087,E49_I2_P86,,0.0,0.0,0.0,,0
5088,E49_I2_P87,,0.0,0.0,0.0,,0
5089,E49_I2_P88,,2.702183314830551e-06,1.0664020206699239e-06,9.570612095674537e-07,,1
5090,E49_I2_P89,,0.0,0.0,0.0,,0
5091,E49_I2_P90,,3.569449096596751e-05,1.5380416981973932e-05,1.331517143948987e-05,,15
5092,E49_I2_P91,,0.0,0.0,0.0,,0
5093,E49_I2_P92,,0.0,0.0,0.0,,0
5094,E49_I2_P93,,0.0,0.0,0.0,,0
5095,E49_I2_P94,,0.0,0.0,0.0,,0
5096,E49_I2_P95,,0.0,0.0,0.0,,0
5097,E49_I2_P96,,0.0,0.0,0.0,,0
5098,E49_I2_P97,,5.020833240989505e-05,2.1453552410850888e-05,1.93593272633776e-05,,20
5099,E49_I2_P98,,0.0,0.0,0.0,,0
5100,E49_I2_P99,,0.0,0.0,0.0,,0
5101,E50_I2_P0,,0.0,0.0,0.0,,0
5102,E50_I2_P1,,0.0,0.0,0.0,,0
5103,E50_I2_P2,,0.0,0.0,0.0,,0
5104,E50_I2_P3,,8.459301534797397e-06,3.2819892905383284e-06,3.0168278658356313e-06,,3
5105,E50_I2_P4,,0.0,0.0,0.0,,0
5106,E50_I2_P5,,0.0,0.0,0.0,,0
5107,E50_I2_P6,,0.0,0.0,0.0,,0
5108,E50_I2_P7,,0.0,0.0,0.0,,0
5109,E50_I2_P8,,2.058522328738918e-05,8.329809430965423e-06,7.3128398613759795e-06,,8
5110,E50_I2_P9,,0.0,0.0,0.0,,0
5111,E50_I2_P10,,0.0,0.0,0.0,,0
5112,E50_I2_P11,,0.0,0.0,0.0,,0
5113,E50_I2_P12,,0.0,0.0,0.0,,0
5114,E50_I2_P13,,5.410973916725083e-06,2.1480870689693453e-06,1.9407009132453322e-06,,2
5115,E50_I2_P14,,0.0,0.0,0.0,,0
5116,E50_I2_P15,,0.0,0.0,0.0,,0
5117,E50_I2_P16,,0.0,0.0,0.0,,0
5118,E50_I2_P17,,2.7428085533440765e-06,1.0833166670263716e-06,9.86636015174462e-07,,1
5119,E50_I2_P18,,2.9420049273430205e-06,1.1285813412933223e-06,1.0686729219655034e-06,,1
5120,E50_I2_P19,,0.0,0.0,0.0,,0
5121,E50_I2_P20,,0.0,0.0,0.0,,0
5122,E50_I2_P21,,0.0,0.0,0.0,,0
5123,E50_I2_P22,,2.9151540340723256e-06,1.1285813412933223e-06,1.0686729219655034e-06,,1
5124,E50_I2_P23,,0.0,0.0,0.0,,0
5125,E50_I2_P24,,0.0,0.0,0.0,,0
5126,E50_I2_P25,,0.0,0.0,0.0,,0
5127,E50_I2_P26,,3.2050751388332826e-05,1.3556749019366064e-05,1.1918382913806255e-05,,13
5128,E50_I2_P27,,0.0,0.0,0.0,,0
5129,E50_I2_P28,,0.0,0.0,0.0,,0
5130,E50_I2_P29,,0.0,0.0,0.0,,0
5131,E50_I2_P30,,0.0,0.0,0.0,,0
5132,E50_I2_P31,,0.0,0.0,0.0,,0
5133,E50_I2_P32,,0.0,0.0,0.0,,0
5134,E50_I2_P33,,2.539622339435379e-06,1.0223373910985342e-06,8.826970632227359e-07,,1
5135,E50_I2_P34,,0.0,0.0,0.0,,0
5136,E50_I2_P35,,0.0,0.0,0.0,,0
5137,E50_I2_P36,,0.0,0.0,0.0,,0
5138,E50_I2_P37,,0.0,0.0,0.0,,0
5139,E50_I2_P38,,0.0,0.0,0.0,,0
5140,E50_I2_P39,,8.37837277457964e-06,3.317520018063429e-06,3.0807740444786753e-06,,3
5141,E50_I2_P40,,0.0,0.0,0.0,,0
5142,E50_I2_P41,,0.0,0.0,0.0,,0
5143,E50_I2_P42,,0.0,0.0,0.0,,0
5144,E50_I2_P43,,0.0,0.0,0.0,,0
5145,E50_I2_P44,,0.0,0.0,0.0,,0
5146,E50_I2_P45,,2.949797304610456e-05,1.2065539150530758e-05,1.1118242509084111e-05,,11
5147,E50_I2_P46,,0.0,0.0,0.0,,0
5148,E50_I2_P47,,0.0,0.0,0.0,,0
5149,E50_I2_P48,,0.0,0.0,0.0,,0
5150,E50_I2_P49,,0.0,0.0,0.0,,0
5151,E50_I2_P50,,0.0,0.0,0.0,,0
5152,E50_I2_P51,,0.0,0.0,0.0,,0
5153,E50_I2_P52,,0.0,0.0,0.0,,0
5154,E50_I2_P53,,2.9685234779011426e-05,1.218779020163876e-05,1.13388969521045e-05,,11
5155,E50_I2_P54,,0.0,0.0,0.0,,0
5156,E50_I2_P55,,0.0,0.0,0.0,,0
5157,E50_I2_P56,,2.8510599713958328e-06,1.1014146935757264e-06,1.0189263013153575e-06,,1
5158,E50_I2_P57,,0.0,0.0,0.0,,0
5159,E50_I2_P58,,0.0,0.0,0.0,,0
5160,E50_I2_P59,,0.0,0.0,0.0,,0
5161,E50_I2_P60,,0.0,0.0,0.0,,0
5162,E50_I2_P61,,0.0,0.0,0.0,,0
5163,E50_I2_P62,,0.0,0.0,0.0,,0
5164,E50_I2_P63,,0.0,0.0,0.0,,0
5165,E50_I2_P64,,3.171756158954145e-06,1.1829657412771848e-06,1.1729923210057706e-06,,1
5166,E50_I2_P65,,0.0,0.0,0.0,,0
5167,E50_I2_P66,,0.0,0.0,0.0,,0
5168,E50_I2_P67,,2.8494024847931823e-06,1.1119271191930775e-06,1.0379931440552837e-06,,1
5169,E50_I2_P68,,9.98556270756497e-06,4.049015508156294e-06,3.4648571450226784e-06,,4
5170,E50_I2_P69,,2.53011179022562e-06,1.0162073033026756e-06,8.726532717298301e-07,,1
5171,E50_I2_P70,,0.0,0.0,0.0,,0
5172,E50_I2_P71,,0.0,0.0,0.0,,0
5173,E50_I2_P72,,5.967980943755933e-06,2.27971463900962e-06,2.179556198766807e-06,,2
5174,E50_I2_P73,,0.0,0.0,0.0,,0
5175,E50_I2_P74,,0.0,0.0,0.0,,0
5176,E50_I2_P75,,0.0,0.0,0.0,,0
5177,E50_I2_P76,,0.0,0.0,0.0,,0
5178,E50_I2_P77,,0.0,0.0,0.0,,0
5179,E50_I2_P78,,0.0,0.0,0.0,,0
5180,E50_I2_P79,,0.0,0.0,0.0,,0
5181,E50_I2_P80,,0.0,0.0,0.0,,0
5182,E50_I2_P81,,0.0,0.0,0.0,,0
5183,E50_I2_P82,,0.0,0.0,0.0,,0
5184,E50_I2_P83,,0.0,0.0,0.0,,0
5185,E50_I2_P84,,0.0,0.0,0.0,,0
5186,E50_I2_P85,,5.240682758808487e-06,2.0815322075363226e-06,1.8266633482282509e-06,,2
5187,E50_I2_P86,,0.0,0.0,0.0,,0
5188,E50_I2_P87,,0.0,0.0,0.0,,0
5189,E50_I2_P88,,0.0,0.0,0.0,,0
5190,E50_I2_P89,,2.959299546581565e-06,1.1295244194509965e-06,1.0704277215089605e-06,,1
5191,E50_I2_P90,,0.0,0.0,0.0,,0
5192,E50_I2_P91,,0.0,0.0,0.0,,0
5193,E50_I2_P92,,0.0,0.0,0.0,,0
5194,E50_I2_P93,,2.285633162155176e-05,9.056224408087e-06,8.60076331774445e-06,,8
5195,E50_I2_P94,,0.0,0.0,0.0,,0
5196,E50_I2_P95,,0.0,0.0,0.0,,0
5197,E50_I2_P96,,0.0,0.0,0.0,,0
5198,E50_I2_P97,,0.0,0.0,0.0,,0
5199,E50_I2_P98,,0.0,0.0,0.0,,0
5200,E50_I2_P99,,0.0,0.0,0.0,,0
5201,E51_I2_P0,,0.0,0.0,0.0,,0
5202,E51_I2_P1,,0.0,0.0,0.0,,0
5203,E51_I2_P2,,0.0,0.0,0.0,,0
5204,E51_I2_P3,,1.553572611897597e-05,5.8727975609422195e-06,5.782233566964481e-06,,5
5205,E51_I2_P4,,0.0,0.0,0.0,,0
5206,E51_I2_P5,,0.0,0.0,0.0,,0
5207,E51_I2_P6,,0.0,0.0,0.0,,0
5208,E51_I2_P7,,0.0,0.0,0.0,,0
5209,E51_I2_P8,,0.0,0.0,0.0,,0
5210,E51_I2_P9,,0.0,0.0,0.0,,0
5211,E51_I2_P10,,0.0,0.0,0.0,,0
5212,E51_I2_P11,,2.9406927062154526e-06,1.1357015591273015e-06,1.0819682950830493e-06,,1
5213,E51_I2_P12,,4.879252206628479e-05,2.2255290575916914e-05,1.8298396324568202e-05,,23
5214,E51_I2_P13,,0.0,0.0,0.0,,0
5215,E51_I2_P14,,0.0,0.0,0.0,,0
5216,E51_I2_P15,,0.0,0.0,0.0,,0
5217,E51_I2_P16,,5.188904633009687e-06,2.0664459302147934e-06,1.8014244764047173e-06,,2
5218,E51_I2_P17,,0.0,0.0,0.0,,0
5219,E51_I2_P18,,0.0,0.0,0.0,,0
5220,E51_I2_P19,,0.0,0.0,0.0,,0
5221,E51_I2_P20,,0.0,0.0,0.0,,0
5222,E51_I2_P21,,0.0,0.0,0.0,,0
5223,E51_I2_P22,,2.901283723070022e-06,1.1247031362291545e-06,1.061476471312537e-06,,1
5224,E51_I2_P23,,0.0,0.0,0.0,,0
5225,E51_I2_P24,,0.0,0.0,0.0,,0
5226,E51_I2_P25,,2.5648211727838758e-06,1.017899823062927e-06,8.754191068974273e-07,,1
5227,E51_I2_P26,,0.0,0.0,0.0,,0
5228,E51_I2_P27,,0.0,0.0,0.0,,0
5229,E51_I2_P28,,4.177710551551644e-06,1.800310583952611e-06,1.391564509886631e-06,,2
5230,E51_I2_P29,,2.8072233989304546e-06,1.0891160979760927e-06,9.9691007721567e-07,,1
5231,E51_I2_P30,,0.0,0.0,0.0,,0
5232,E51_I2_P31,,7.87846545459273e-06,3.1572843330021477e-06,2.799187675736501e-06,,3
5233,E51_I2_P32,,2.8361304597640267e-05,1.2048418110061185e-05,1.0235087158164081e-05,,12
5234,E51_I2_P33,,0.0,0.0,0.0,,0
5235,E51_I2_P34,,0.0,0.0,0.0,,0
5236,E51_I2_P35,,2.778108751475016e-06,1.0934378655935554e-06,1.0046111652484907e-06,,1
5237,E51_I2_P36,,0.0,0.0,0.0,,0
5238,E51_I2_P37,,0.0,0.0,0.0,,0
5239,E51_I2_P38,,0.0,0.0,0.0,,0
5240,E51_I2_P39,,0.0,0.0,0.0,,0
5241,E51_I2_P40,,0.0,0.0,0.0,,0
5242,E51_I2_P41,,3.1771517520282152e-06,1.1945014293242742e-06,1.1959526570181193e-06,,1
5243,E51_I2_P42,,0.0,0.0,0.0,,0
5244,E51_I2_P43,,0.0,0.0,0.0,,0
5245,E51_I2_P44,,0.0,0.0,0.0,,0
5246,E51_I2_P45,,0.0,0.0,0.0,,0
5247,E51_I2_P46,,4.806889159274706e-06,1.9722156311603103e-06,1.6487638393114763e-06,,2
5248,E51_I2_P47,,0.0,0.0,0.0,,0
5249,E51_I2_P48,,0.0,0.0,0.0,,0
5250,E51_I2_P49,,0.0,0.0,0.0,,0
5251,E51_I2_P50,,0.0,0.0,0.0,,0
5252,E51_I2_P51,,7.982269864718899e-06,3.222193671687216e-06,2.9111615388982126e-06,,3
5253,E51_I2_P52,,0.0,0.0,0.0,,0
5254,E51_I2_P53,,0.0,0.0,0.0,,0
5255,E51_I2_P54,,0.0,0.0,0.0,,0
5256,E51_I2_P55,,0.0,0.0,0.0,,0
5257,E51_I2_P56,,2.6494238042169293e-06,1.0694965712056448e-06,9.624287080934481e-07,,1
5258,E51_I2_P57,,0.0,0.0,0.0,,0
5259,E51_I2_P58,,0.0,0.0,0.0,,0
5260,E51_I2_P59,,0.0,0.0,0.0,,0
5261,E51_I2_P60,,2.696229976029118e-06,1.0715878150781623e-06,9.660669001328342e-07,,1
5262,E51_I2_P61,,4.529335019694561e-06,1.8957097916400161e-06,1.5309788791895e-06,,2
5263,E51_I2_P62,,0.0,0.0,0.0,,0
5264,E51_I2_P63,,2.6238840899071945e-06,1.0420103356446133e-06,9.154239786156959e-07,,1
5265,E51_I2_P64,,0.0,0.0,0.0,,0
5266,E51_I2_P65,,2.4633759871276164e-05,1.0161375720302174e-05,8.72539438782633e-06,,10
5267,E51_I2_P66,,0.0,0.0,0.0,,0
5268,E51_I2_P67,,0.0,0.0,0.0,,0
5269,E51_I2_P68,,0.0,0.0,0.0,,0
5270,E51_I2_P69,,3.0551264670812717e-06,1.169174392618866e-06,1.1459292153794014e-06,,1
5271,E51_I2_P70,,0.0,0.0,0.0,,0
5272,E51_I2_P71,,0.0,0.0,0.0,,0
5273,E51_I2_P72,,1.7405235359071083e-05,6.773764319343313e-06,6.416271664942294e-06,,6
5274,E51_I2_P73,,0.0,0.0,0.0,,0
5275,E51_I2_P74,,0.0,0.0,0.0,,0
5276,E51_I2_P75,,0.0,0.0,0.0,,0
5277,E51_I2_P76,,1.2953264549509387e-05,5.2807717832072115e-06,4.697119186346226e-06,,5
5278,E51_I2_P77,,0.0,0.0,0.0,,0
5279,E51_I2_P78,,0.0,0.0,0.0,,0
5280,E51_I2_P79,,0.0,0.0,0.0,,0
5281,E51_I2_P80,,2.109287177834257e-05,8.158933146555276e-06,7.972365503346686e-06,,7
5282,E51_I2_P81,,0.0,0.0,0.0,,0
5283,E51_I2_P82,,0.0,0.0,0.0,,0
5284,E51_I2_P83,,0.0,0.0,0.0,,0
5285,E51_I2_P84,,0.0,0.0,0.0,,0
5286,E51_I2_P85,,0.0,0.0,0.0,,0
5287,E51_I2_P86,,0.0,0.0,0.0,,0
5288,E51_I2_P87,,0.0,0.0,0.0,,0
5289,E51_I2_P88,,0.0,0.0,0.0,,0
5290,E51_I2_P89,,2.8885916058467214e-06,1.1283498862556366e-06,1.0682425380588111e-06,,1
5291,E51_I2_P90,,0.0,0.0,0.0,,0
5292,E51_I2_P91,,0.0,0.0,0.0,,0
5293,E51_I2_P92,,0.0,0.0,0.0,,0
5294,E51_I2_P93,,5.189689234317703e-06,2.090096563067313e-06,1.8410908463264487e-06,,2
5295,E51_I2_P94,,0.0,0.0,0.0,,0
5296,E51_I2_P95,,0.0,0.0,0.0,,0
5297,E51_I2_P96,,9.886487424836604e-06,4.0570803184196934e-06,3.4779773388039018e-06,,4
5298,E51_I2_P97,,0.0,0.0,0.0,,0
5299,E51_I2_P98,,0.0,0.0,0.0,,0
5300,E51_I2_P99,,0.0,0.0,0.0,,0
5301,E52_I2_P0,,7.808743166950783e-06,3.1318324581053413e-06,2.7560458459039647e-06,,3
5302,E52_I2_P1,,0.0,0.0,0.0,,0
5303,E52_I2_P2,,1.878087559361118e-05,7.467680052630379e-06,6.704391639910956e-06,,7
5304,E52_I2_P3,,0.0,0.0,0.0,,0
5305,E52_I2_P4,,0.0,0.0,0.0,,0
5306,E52_I2_P5,,0.0,0.0,0.0,,0
5307,E52_I2_P6,,2.713139732471068e-06,1.071302330636219e-06,9.65569715099e-07,,1
5308,E52_I2_P7,,0.0,0.0,0.0,,0
5309,E52_I2_P8,,0.0,0.0,0.0,,0
5310,E52_I2_P9,,0.0,0.0,0.0,,0
5311,E52_I2_P10,,5.663960316528265e-06,2.224122946371937e-06,2.076476634446671e-06,,2
5312,E52_I2_P11,,0.0,0.0,0.0,,0
5313,E52_I2_P12,,0.0,0.0,0.0,,0
5314,E52_I2_P13,,0.0,0.0,0.0,,0
5315,E52_I2_P14,,0.0,0.0,0.0,,0
5316,E52_I2_P15,,0.0,0.0,0.0,,0
5317,E52_I2_P16,,1.4279422954724634e-05,5.599992092383564e-06,5.263944715947015e-06,,5
5318,E52_I2_P17,,0.0,0.0,0.0,,0
5319,E52_I2_P18,,0.0,0.0,0.0,,0
5320,E52_I2_P19,,2.46922756900091e-06,9.99750752972108e-07,8.460476671716161e-07,,1
5321,E52_I2_P20,,8.657214612049327e-06,3.417759849645564e-06,3.265921982022733e-06,,3
5322,E52_I2_P21,,2.5870979924020096e-06,1.0413214888341967e-06,9.142652347444561e-07,,1
5323,E52_I2_P22,,0.0,0.0,0.0,,0
5324,E52_I2_P23,,0.0,0.0,0.0,,0
5325,E52_I2_P24,,1.2103173788212105e-05,5.030885512923441e-06,4.281877723274232e-06,,5
5326,E52_I2_P25,,0.0,0.0,0.0,,0
5327,E52_I2_P26,,0.0,0.0,0.0,,0
5328,E52_I2_P27,,0.0,0.0,0.0,,0
5329,E52_I2_P28,,4.9885287593493685e-06,2.039682782314885e-06,1.7571974808816915e-06,,2
5330,E52_I2_P29,,0.0,0.0,0.0,,0
5331,E52_I2_P30,,0.0,0.0,0.0,,0
5332,E52_I2_P31,,0.0,0.0,0.0,,0
5333,E52_I2_P32,,0.0,0.0,0.0,,0
5334,E52_I2_P33,,0.0,0.0,0.0,,0
5335,E52_I2_P34,,0.0,0.0,0.0,,0
5336,E52_I2_P35,,0.0,0.0,0.0,,0
5337,E52_I2_P36,,6.185374511162907e-06,2.3107801181519006e-06,2.2385925520906496e-06,,2
5338,E52_I2_P37,,4.513560947176101e-06,1.884914789941664e-06,1.5147928994082841e-06,,2
5339,E52_I2_P38,,0.0,0.0,0.0,,0
5340,E52_I2_P39,,2.6176692173802902e-06,1.0279097160802318e-06,8.918901985057718e-07,,1
5341,E52_I2_P40,,0.0,0.0,0.0,,0
5342,E52_I2_P41,,0.0,0.0,0.0,,0
5343,E52_I2_P42,,0.0,0.0,0.0,,0
5344,E52_I2_P43,,2.6485685285557727e-06,1.0560286424937966e-06,9.392087729613065e-07,,1
5345,E52_I2_P44,,0.0,0.0,0.0,,0
5346,E52_I2_P45,,2.2531161145637787e-06,9.515484742437859e-07,7.710581771105212e-07,,1
5347,E52_I2_P46,,0.0,0.0,0.0,,0
5348,E52_I2_P47,,5.087796531590062e-06,2.072653505112617e-06,1.811782519967542e-06,,2
5349,E52_I2_P48,,0.0,0.0,0.0,,0
5350,E52_I2_P49,,0.0,0.0,0.0,,0
5351,E52_I2_P50,,7.473920170189831e-05,3.238356164327146e-05,3.0353699095407437e-05,,29
5352,E52_I2_P51,,0.0,0.0,0.0,,0
5353,E52_I2_P52,,0.0,0.0,0.0,,0
5354,E52_I2_P53,,3.082605570537918e-06,1.1690122305590719e-06,1.1456134889114639e-06,,1
5355,E52_I2_P54,,5.042645072091116e-06,2.0432039704001066e-06,1.7629766097078308e-06,,2
5356,E52_I2_P55,,0.0,0.0,0.0,,0
5357,E52_I2_P56,,0.0,0.0,0.0,,0
5358,E52_I2_P57,,0.0,0.0,0.0,,0
5359,E52_I2_P58,,0.0,0.0,0.0,,0
5360,E52_I2_P59,,0.0,0.0,0.0,,0
5361,E52_I2_P60,,0.0,0.0,0.0,,0
5362,E52_I2_P61,,0.0,0.0,0.0,,0
5363,E52_I2_P62,,2.495511265173341e-06,1.0009616027031098e-06,8.47987619380757e-07,,1
5364,E52_I2_P63,,0.0,0.0,0.0,,0
5365,E52_I2_P64,,0.0,0.0,0.0,,0
5366,E52_I2_P65,,7.931506093615413e-06,3.1677842980667496e-06,2.8171103772016895e-06,,3
5367,E52_I2_P66,,0.0,0.0,0.0,,0
5368,E52_I2_P67,,2.658885750442521e-06,1.0415348071891766e-06,9.146239683613278e-07,,1
5369,E52_I2_P68,,0.0,0.0,0.0,,0
5370,E52_I2_P69,,1.0695988708865186e-05,4.311196536358841e-06,3.907700123092554e-06,,4
5371,E52_I2_P70,,0.0,0.0,0.0,,0
5372,E52_I2_P71,,0.0,0.0,0.0,,0
5373,E52_I2_P72,,0.0,0.0,0.0,,0
5374,E52_I2_P73,,0.0,0.0,0.0,,0
5375,E52_I2_P74,,0.00016801675655916815,8.803201010023285e-05,7.860890648381414e-05,,83
5376,E52_I2_P75,,0.0,0.0,0.0,,0
5377,E52_I2_P76,,0.0,0.0,0.0,,0
5378,E52_I2_P77,,8.205721238627373e-06,3.231616580647602e-06,2.927651867061184e-06,,3
5379,E52_I2_P78,,0.0,0.0,0.0,,0
5380,E52_I2_P79,,2.8955473312535245e-06,1.1194198359772317e-06,1.0517237752676637e-06,,1
5381,E52_I2_P80,,0.0,0.0,0.0,,0
5382,E52_I2_P81,,0.0,0.0,0.0,,0
5383,E52_I2_P82,,0.0,0.0,0.0,,0
5384,E52_I2_P83,,0.0,0.0,0.0,,0
5385,E52_I2_P84,,0.0,0.0,0.0,,0
5386,E52_I2_P85,,8.217456899349966e-06,3.2660515380566916e-06,2.988425826772909e-06,,3
5387,E52_I2_P86,,0.0,0.0,0.0,,0
5388,E52_I2_P87,,0.0,0.0,0.0,,0
5389,E52_I2_P88,,0.0,0.0,0.0,,0
5390,E52_I2_P89,,0.0,0.0,0.0,,0
5391,E52_I2_P90,,0.0,0.0,0.0,,0
5392,E52_I2_P91,,0.0,0.0,0.0,,0
5393,E52_I2_P92,,0.0,0.0,0.0,,0
5394,E52_I2_P93,,2.8151179491038057e-06,1.1075059115136022e-06,1.0299462007602033e-06,,1
5395,E52_I2_P94,,0.0,0.0,0.0,,0
5396,E52_I2_P95,,0.0,0.0,0.0,,0
5397,E52_I2_P96,,0.0,0.0,0.0,,0
5398,E52_I2_P97,,1.0439484830175193e-05,4.241747288382357e-06,3.787075468839943e-06,,4
5399,E52_I2_P98,,0.0,0.0,0.0,,0
5400,E52_I2_P99,,0.0,0.0,0.0,,0
5401,E53_I2_P0,,0.0,0.0,0.0,,0
5402,E53_I2_P1,,0.0,0.0,0.0,,0
5403,E53_I2_P2,,0.0,0.0,0.0,,0
5404,E53_I2_P3,,0.0,0.0,0.0,,0
5405,E53_I2_P4,,3.2252491465684364e-06,1.2012582601203187e-06,1.2095393953028747e-06,,1
5406,E53_I2_P5,,0.0,0.0,0.0,,0
5407,E53_I2_P6,,0.0,0.0,0.0,,0
5408,E53_I2_P7,,0.0,0.0,0.0,,0
5409,E53_I2_P8,,0.0,0.0,0.0,,0
5410,E53_I2_P9,,0.0,0.0,0.0,,0
5411,E53_I2_P10,,0.0,0.0,0.0,,0
5412,E53_I2_P11,,2.905829799749136e-06,1.1241378683036631e-06,1.0604302059302438e-06,,1
5413,E53_I2_P12,,0.0,0.0,0.0,,0
5414,E53_I2_P13,,2.784325237349074e-06,1.1055469298854056e-06,1.0263937143648934e-06,,1
5415,E53_I2_P14,,0.0,0.0,0.0,,0
5416,E53_I2_P15,,0.0,0.0,0.0,,0
5417,E53_I2_P16,,0.0,0.0,0.0,,0
5418,E53_I2_P17,,0.0,0.0,0.0,,0
5419,E53_I2_P18,,0.0,0.0,0.0,,0
5420,E53_I2_P19,,1.4138028827178848e-05,5.515540873676199e-06,5.109911644517755e-06,,5
5421,E53_I2_P20,,0.0,0.0,0.0,,0
5422,E53_I2_P21,,0.0,0.0,0.0,,0
5423,E53_I2_P22,,0.0,0.0,0.0,,0
5424,E53_I2_P23,,0.0,0.0,0.0,,0
5425,E53_I2_P24,,0.0,0.0,0.0,,0
5426,E53_I2_P25,,1.099246902138163e-05,4.364362253370563e-06,4.001694717712951e-06,,4
5427,E53_I2_P26,,3.057461289945157e-05,1.2550662532212003e-05,1.201061520008866e-05,,11
5428,E53_I2_P27,,0.0,0.0,0.0,,0
5429,E53_I2_P28,,0.0,0.0,0.0,,0
5430,E53_I2_P29,,0.0,0.0,0.0,,0
5431,E53_I2_P30,,0.0,0.0,0.0,,0
5432,E53_I2_P31,,0.0,0.0,0.0,,0
5433,E53_I2_P32,,0.0,0.0,0.0,,0
5434,E53_I2_P33,,0.0,0.0,0.0,,0
5435,E53_I2_P34,,0.0,0.0,0.0,,0
5436,E53_I2_P35,,2.6392895163469506e-06,1.0566760693790454e-06,9.403166892577752e-07,,1
5437,E53_I2_P36,,0.0,0.0,0.0,,0
5438,E53_I2_P37,,2.1624988069081755e-05,8.776863509821427e-06,8.089449083237904e-06,,8
5439,E53_I2_P38,,0.0001118664502470351,5.069101507347638e-05,4.79135511767302e-05,,45
5440,E53_I2_P39,,0.0,0.0,0.0,,0
5441,E53_I2_P40,,0.0,0.0,0.0,,0
5442,E53_I2_P41,,8.953762557763549e-06,3.4363635641720737e-06,3.3010654188639386e-06,,3
5443,E53_I2_P42,,0.0,0.0,0.0,,0
5444,E53_I2_P43,,0.0,0.0,0.0,,0
5445,E53_I2_P44,,0.0,0.0,0.0,,0
5446,E53_I2_P45,,0.0,0.0,0.0,,0
5447,E53_I2_P46,,0.0,0.0,0.0,,0
5448,E53_I2_P47,,0.0,0.0,0.0,,0
5449,E53_I2_P48,,0.0,0.0,0.0,,0
5450,E53_I2_P49,,2.9184215719065233e-06,1.1257962689715852e-06,1.0635016856501718e-06,,1
5451,E53_I2_P50,,6.0948305933592885e-06,2.3297509670898836e-06,2.27515755466066e-06,,2
5452,E53_I2_P51,,3.452705053319998e-05,1.4968885168234759e-05,1.264693365608308e-05,,15
5453,E53_I2_P52,,4.883391169741996e-06,2.0109224119142367e-06,1.7104422284240008e-06,,2
5454,E53_I2_P53,,0.0,0.0,0.0,,0
5455,E53_I2_P54,,0.0,0.0,0.0,,0
5456,E53_I2_P55,,0.0,0.0,0.0,,0
5457,E53_I2_P56,,0.0,0.0,0.0,,0
5458,E53_I2_P57,,0.0,0.0,0.0,,0
5459,E53_I2_P58,,0.0,0.0,0.0,,0
5460,E53_I2_P59,,0.0,0.0,0.0,,0
5461,E53_I2_P60,,0.0,0.0,0.0,,0
5462,E53_I2_P61,,3.169373812915677e-06,1.178202099336477e-06,1.1635970975234e-06,,1
5463,E53_I2_P62,,0.0,0.0,0.0,,0
5464,E53_I2_P63,,0.0,0.0,0.0,,0
5465,E53_I2_P64,,0.0,0.0,0.0,,0
5466,E53_I2_P65,,4.671043144762238e-06,1.9367422665740434e-06,1.5934763079950683e-06,,2
5467,E53_I2_P66,,0.0,0.0,0.0,,0
5468,E53_I2_P67,,1.8479432812915902e-05,7.494272358398243e-06,6.750556800390376e-06,,7
5469,E53_I2_P68,,0.0,0.0,0.0,,0
5470,E53_I2_P69,,0.0,0.0,0.0,,0
5471,E53_I2_P70,,0.0,0.0,0.0,,0
5472,E53_I2_P71,,0.0,0.0,0.0,,0
5473,E53_I2_P72,,0.0,0.0,0.0,,0
5474,E53_I2_P73,,0.0,0.0,0.0,,0
5475,E53_I2_P74,,0.0,0.0,0.0,,0
5476,E53_I2_P75,,5.741063246288039e-06,2.2702634034198823e-06,2.16180049878142e-06,,2
5477,E53_I2_P76,,2.633944488624561e-06,1.0449341447295678e-06,9.20352679146649e-07,,1
5478,E53_I2_P77,,0.0,0.0,0.0,,0
5479,E53_I2_P78,,0.0,0.0,0.0,,0
5480,E53_I2_P79,,2.6905873542162227e-06,1.0733329002512497e-06,9.691096305269533e-07,,1
5481,E53_I2_P80,,2.964112770805016e-06,1.1327711217110938e-06,1.07648333348135e-06,,1
5482,E53_I2_P81,,2.8384253278943997e-06,1.0941361886097998e-06,1.0058591294289236e-06,,1
5483,E53_I2_P82,,0.0,0.0,0.0,,0
5484,E53_I2_P83,,0.0,0.0,0.0,,0
5485,E53_I2_P84,,0.0,0.0,0.0,,0
5486,E53_I2_P85,,0.0,0.0,0.0,,0
5487,E53_I2_P86,,0.0,0.0,0.0,,0
5488,E53_I2_P87,,2.3772245083763226e-06,9.782778246758114e-07,8.121059002336023e-07,,1
5489,E53_I2_P88,,0.0,0.0,0.0,,0
5490,E53_I2_P89,,0.0,0.0,0.0,,0
5491,E53_I2_P90,,0.0,0.0,0.0,,0
5492,E53_I2_P91,,0.0,0.0,0.0,,0
5493,E53_I2_P92,,0.0,0.0,0.0,,0
5494,E53_I2_P93,,0.0,0.0,0.0,,0
5495,E53_I2_P94,,0.0,0.0,0.0,,0
5496,E53_I2_P95,,0.0,0.0,0.0,,0
5497,E53_I2_P96,,0.0,0.0,0.0,,0
5498,E53_I2_P97,,0.0,0.0,0.0,,0
5499,E53_I2_P98,,0.0,0.0,0.0,,0
5500,E53_I2_P99,,0.0,0.0,0.0,,0
5501,E54_I2_P0,,0.0,0.0,0.0,,0
5502,E54_I2_P1,,0.0,0.0,0.0,,0
5503,E54_I2_P2,,0.0,0.0,0.0,,0
5504,E54_I2_P3,,0.0,0.0,0.0,,0
5505,E54_I2_P4,,2.608788782778108e-06,1.0510054698743983e-06,9.306411745436136e-07,,1
5506,E54_I2_P5,,4.0960829216757556e-05,1.6877878901784367e-05,1.5935725905514425e-05,,15
5507,E54_I2_P6,,0.0,0.0,0.0,,0
5508,E54_I2_P7,,0.0,0.0,0.0,,0
5509,E54_I2_P8,,4.602369928502847e-05,1.9391224957060044e-05,1.7568585806925147e-05,,18
5510,E54_I2_P9,,0.0,0.0,0.0,,0
5511,E54_I2_P10,,4.493330696471999e-06,1.8987620419670096e-06,1.5355746581043025e-06,,2
5512,E54_I2_P11,,0.0,0.0,0.0,,0
5513,E54_I2_P12,,0.0,0.0,0.0,,0
5514,E54_I2_P13,,0.0,0.0,0.0,,0
5515,E54_I2_P14,,0.0,0.0,0.0,,0
5516,E54_I2_P15,,0.0,0.0,0.0,,0
5517,E54_I2_P16,,0.0,0.0,0.0,,0
5518,E54_I2_P17,,0.0,0.0,0.0,,0
5519,E54_I2_P18,,5.2326718224061315e-06,2.092788574293776e-06,1.845640758023116e-06,,2
5520,E54_I2_P19,,0.0,0.0,0.0,,0
5521,E54_I2_P20,,0.0,0.0,0.0,,0
5522,E54_I2_P21,,0.0,0.0,0.0,,0
5523,E54_I2_P22,,0.0,0.0,0.0,,0
5524,E54_I2_P23,,0.0,0.0,0.0,,0
5525,E54_I2_P24,,0.0,0.0,0.0,,0
5526,E54_I2_P25,,0.0,0.0,0.0,,0
5527,E54_I2_P26,,0.0,0.0,0.0,,0
5528,E54_I2_P27,,0.0,0.0,0.0,,0
5529,E54_I2_P28,,0.0,0.0,0.0,,0
5530,E54_I2_P29,,0.0,0.0,0.0,,0
5531,E54_I2_P30,,0.0,0.0,0.0,,0
5532,E54_I2_P31,,0.0,0.0,0.0,,0
5533,E54_I2_P32,,2.5501288246462267e-06,1.0383806346220446e-06,9.093287812334545e-07,,1
5534,E54_I2_P33,,0.0,0.0,0.0,,0
5535,E54_I2_P34,,5.129813036517828e-05,2.2005469064829594e-05,1.94320295366849e-05,,21
5536,E54_I2_P35,,0.0,0.0,0.0,,0
5537,E54_I2_P36,,0.0,0.0,0.0,,0
5538,E54_I2_P37,,1.3791062465575361e-05,5.494561869568282e-06,5.0721076179505955e-06,,5
5539,E54_I2_P38,,0.0,0.0,0.0,,0
5540,E54_I2_P39,,2.771398234081507e-06,1.0862224543903045e-06,9.917752081984105e-07,,1
5541,E54_I2_P40,,0.0,0.0,0.0,,0
5542,E54_I2_P41,,2.9373183190166055e-06,1.1176635213852063e-06,1.0484947154555724e-06,,1
5543,E54_I2_P42,,2.842951774011069e-06,1.1010012731259449e-06,1.0181811517359736e-06,,1
5544,E54_I2_P43,,0.0,0.0,0.0,,0
5545,E54_I2_P44,,0.0,0.0,0.0,,0
5546,E54_I2_P45,,0.0,0.0,0.0,,0
5547,E54_I2_P46,,0.0,0.0,0.0,,0
5548,E54_I2_P47,,0.0,0.0,0.0,,0
5549,E54_I2_P48,,2.804676695910224e-06,1.1010199711097126e-06,1.0182148453688026e-06,,1
5550,E54_I2_P49,,0.0,0.0,0.0,,0
5551,E54_I2_P50,,0.0,0.0,0.0,,0
5552,E54_I2_P51,,1.0578951646611815e-05,4.2441210403997045e-06,3.791158355262815e-06,,4
5553,E54_I2_P52,,0.0,0.0,0.0,,0
5554,E54_I2_P53,,0.0,0.0,0.0,,0
5555,E54_I2_P54,,9.377869956812822e-06,3.5042199156598054e-06,3.4313596533869233e-06,,3
5556,E54_I2_P55,,0.0,0.0,0.0,,0
5557,E54_I2_P56,,0.0,0.0,0.0,,0
5558,E54_I2_P57,,5.913972619460247e-06,2.2945617910472e-06,2.207641973455313e-06,,2
5559,E54_I2_P58,,0.0,0.0,0.0,,0
5560,E54_I2_P59,,0.0,0.0,0.0,,0
5561,E54_I2_P60,,0.0,0.0,0.0,,0
5562,E54_I2_P61,,0.0,0.0,0.0,,0
5563,E54_I2_P62,,0.0,0.0,0.0,,0
5564,E54_I2_P63,,2.806778407043998e-06,1.1068626463058866e-06,1.028778800984027e-06,,1
5565,E54_I2_P64,,0.0,0.0,0.0,,0
5566,E54_I2_P65,,0.0,0.0,0.0,,0
5567,E54_I2_P66,,0.0,0.0,0.0,,0
5568,E54_I2_P67,,2.801662937110615e-06,1.085703092285662e-06,9.908553955544282e-07,,1
5569,E54_I2_P68,,0.0,0.0,0.0,,0
5570,E54_I2_P69,,0.0,0.0,0.0,,0
5571,E54_I2_P70,,0.0,0.0,0.0,,0
5572,E54_I2_P71,,0.0,0.0,0.0,,0
5573,E54_I2_P72,,0.0,0.0,0.0,,0
5574,E54_I2_P73,,2.6177060646606735e-05,1.0319566646252554e-05,9.923068653853046e-06,,9
5575,E54_I2_P74,,0.0,0.0,0.0,,0
5576,E54_I2_P75,,1.0686833625019973e-05,4.308504364158886e-06,3.902978777796832e-06,,4
5577,E54_I2_P76,,0.0,0.0,0.0,,0
5578,E54_I2_P77,,0.0,0.0,0.0,,0
5579,E54_I2_P78,,0.0,0.0,0.0,,0
5580,E54_I2_P79,,0.0,0.0,0.0,,0
5581,E54_I2_P80,,0.0,0.0,0.0,,0
5582,E54_I2_P81,,0.0,0.0,0.0,,0
5583,E54_I2_P82,,0.0,0.0,0.0,,0
5584,E54_I2_P83,,0.0,0.0,0.0,,0
5585,E54_I2_P84,,0.0,0.0,0.0,,0
5586,E54_I2_P85,,0.0,0.0,0.0,,0
5587,E54_I2_P86,,2.556300600074223e-06,1.0205566374614292e-06,8.797719103345267e-07,,1
5588,E54_I2_P87,,0.0,0.0,0.0,,0
5589,E54_I2_P88,,0.0,0.0,0.0,,0
5590,E54_I2_P89,,2.9760956231089556e-06,1.12628830106068e-06,1.0644140826240788e-06,,1
5591,E54_I2_P90,,0.0,0.0,0.0,,0
5592,E54_I2_P91,,0.0,0.0,0.0,,0
5593,E54_I2_P92,,6.2738747895080395e-06,2.3784743760308337e-06,2.370876157283925e-06,,2
5594,E54_I2_P93,,0.0,0.0,0.0,,0
5595,E54_I2_P94,,0.0,0.0,0.0,,0
5596,E54_I2_P95,,0.0,0.0,0.0,,0
5597,E54_I2_P96,,2.7003589963561603e-06,1.058796680922993e-06,9.43951465791435e-07,,1
5598,E54_I2_P97,,0.0,0.0,0.0,,0
5599,E54_I2_P98,,0.0,0.0,0.0,,0
5600,E54_I2_P99,,0.0,0.0,0.0,,0
5601,E55_I2_P0,,0.0,0.0,0.0,,0
5602,E55_I2_P1,,0.0,0.0,0.0,,0
5603,E55_I2_P2,,0.0,0.0,0.0,,0
5604,E55_I2_P3,,0.0,0.0,0.0,,0
5605,E55_I2_P4,,0.0,0.0,0.0,,0
5606,E55_I2_P5,,0.0,0.0,0.0,,0
5607,E55_I2_P6,,0.0,0.0,0.0,,0
5608,E55_I2_P7,,0.0,0.0,0.0,,0
5609,E55_I2_P8,,2.907127061667789e-06,1.11702984069842e-06,1.0473312559517873e-06,,1
5610,E55_I2_P9,,0.0,0.0,0.0,,0
5611,E55_I2_P10,,1.4666116612839663e-05,5.8126559097477085e-06,5.665210424327094e-06,,5
5612,E55_I2_P11,,0.0,0.0,0.0,,0
5613,E55_I2_P12,,0.0,0.0,0.0,,0
5614,E55_I2_P13,,0.0,0.0,0.0,,0
5615,E55_I2_P14,,4.859871689626135e-06,1.9819755020058442e-06,1.664182181351757e-06,,2
5616,E55_I2_P15,,0.0,0.0,0.0,,0
5617,E55_I2_P16,,0.0,0.0,0.0,,0
5618,E55_I2_P17,,0.0,0.0,0.0,,0
5619,E55_I2_P18,,0.0,0.0,0.0,,0
5620,E55_I2_P19,,0.0,0.0,0.0,,0
5621,E55_I2_P20,,0.0,0.0,0.0,,0
5622,E55_I2_P21,,0.0,0.0,0.0,,0
5623,E55_I2_P22,,0.0,0.0,0.0,,0
5624,E55_I2_P23,,0.0,0.0,0.0,,0
5625,E55_I2_P24,,2.5651468531266304e-05,1.0169970661936428e-05,9.641765557256553e-06,,9
5626,E55_I2_P25,,0.0,0.0,0.0,,0
5627,E55_I2_P26,,0.0,0.0,0.0,,0
5628,E55_I2_P27,,0.0,0.0,0.0,,0
5629,E55_I2_P28,,0.0,0.0,0.0,,0
5630,E55_I2_P29,,0.0,0.0,0.0,,0
5631,E55_I2_P30,,0.0,0.0,0.0,,0
5632,E55_I2_P31,,2.485966633080002e-06,1.006378086655916e-06,8.566998209497375e-07,,1
5633,E55_I2_P32,,0.0,0.0,0.0,,0
5634,E55_I2_P33,,0.0,0.0,0.0,,0
5635,E55_I2_P34,,6.233724111264785e-06,2.327799747236895e-06,2.2713786416587882e-06,,2
5636,E55_I2_P35,,0.0,0.0,0.0,,0
5637,E55_I2_P36,,5.272259990966598e-06,2.1077315996647584e-06,1.871027282852082e-06,,2
5638,E55_I2_P37,,0.0,0.0,0.0,,0
5639,E55_I2_P38,,1.1371284064580237e-05,4.437491839321687e-06,4.133357616809332e-06,,4
5640,E55_I2_P39,,0.0,0.0,0.0,,0
5641,E55_I2_P40,,0.0,0.0,0.0,,0
5642,E55_I2_P41,,0.0,0.0,0.0,,0
5643,E55_I2_P42,,0.0,0.0,0.0,,0
5644,E55_I2_P43,,0.0,0.0,0.0,,0
5645,E55_I2_P44,,0.0,0.0,0.0,,0
5646,E55_I2_P45,,3.0181940231882757e-06,1.135701559127293e-06,1.0819682950830493e-06,,1
5647,E55_I2_P46,,0.0,0.0,0.0,,0
5648,E55_I2_P47,,0.0,0.0,0.0,,0
5649,E55_I2_P48,,0.0,0.0,0.0,,0
5650,E55_I2_P49,,0.0,0.0,0.0,,0
5651,E55_I2_P50,,0.0,0.0,0.0,,0
5652,E55_I2_P51,,0.0,0.0,0.0,,0
5653,E55_I2_P52,,0.0,0.0,0.0,,0
5654,E55_I2_P53,,0.0,0.0,0.0,,0
5655,E55_I2_P54,,0.0,0.0,0.0,,0
5656,E55_I2_P55,,0.0,0.0,0.0,,0
5657,E55_I2_P56,,0.0,0.0,0.0,,0
5658,E55_I2_P57,,0.0,0.0,0.0,,0
5659,E55_I2_P58,,0.0,0.0,0.0,,0
5660,E55_I2_P59,,0.0,0.0,0.0,,0
5661,E55_I2_P60,,0.0,0.0,0.0,,0
5662,E55_I2_P61,,0.0,0.0,0.0,,0
5663,E55_I2_P62,,0.0,0.0,0.0,,0
5664,E55_I2_P63,,0.0,0.0,0.0,,0
5665,E55_I2_P64,,0.0,0.0,0.0,,0
5666,E55_I2_P65,,1.7843999842284926e-05,6.92880019153898e-06,6.708992957793726e-06,,6
5667,E55_I2_P66,,3.1320644468309398e-06,1.1641381556154692e-06,1.1361506081246132e-06,,1
5668,E55_I2_P67,,0.0,0.0,0.0,,0
5669,E55_I2_P68,,5.4127461997297175e-06,2.1382450571399485e-06,1.9235578125300554e-06,,2
5670,E55_I2_P69,,0.0,0.0,0.0,,0
5671,E55_I2_P70,,1.6332791525316653e-05,6.539869889138908e-06,5.990660560186669e-06,,6
5672,E55_I2_P71,,2.767469660983622e-06,1.079712986440081e-06,9.802864396976796e-07,,1
5673,E55_I2_P72,,4.756043364348372e-06,1.9473893945206424e-06,1.6099472198928298e-06,,2
5674,E55_I2_P73,,2.4482735525476374e-06,9.966854028776364e-07,8.411490095470414e-07,,1
5675,E55_I2_P74,,0.0,0.0,0.0,,0
5676,E55_I2_P75,,0.0,0.0,0.0,,0
5677,E55_I2_P76,,2.613872405407889e-06,1.0408080535348585e-06,9.134021673206627e-07,,1
5678,E55_I2_P77,,2.888679236248865e-06,1.108115929850637e-06,1.0310540594531547e-06,,1
5679,E55_I2_P78,,0.0,0.0,0.0,,0
5680,E55_I2_P79,,0.0,0.0,0.0,,0
5681,E55_I2_P80,,0.0,0.0,0.0,,0
5682,E55_I2_P81,,0.0,0.0,0.0,,0
5683,E55_I2_P82,,0.0,0.0,0.0,,0
5684,E55_I2_P83,,0.0,0.0,0.0,,0
5685,E55_I2_P84,,0.0,0.0,0.0,,0
5686,E55_I2_P85,,2.8569463407017233e-06,1.093570089421403e-06,1.0048473837793516e-06,,1
5687,E55_I2_P86,,2.7693291668435144e-06,1.1045651993327775e-06,1.024616409231794e-06,,1
5688,E55_I2_P87,,5.472911393068873e-06,2.14489791324998e-06,1.9351352345069446e-06,,2
5689,E55_I2_P88,,0.0,0.0,0.0,,0
5690,E55_I2_P89,,2.721114402009273e-06,1.0753384444293462e-06,9.72614104655223e-07,,1
5691,E55_I2_P90,,0.0,0.0,0.0,,0
5692,E55_I2_P91,,0.0,0.0,0.0,,0
5693,E55_I2_P92,,0.0,0.0,0.0,,0
5694,E55_I2_P93,,0.0,0.0,0.0,,0
5695,E55_I2_P94,,1.0306060679524786e-05,4.170179071300961e-06,3.6652944720486935e-06,,4
5696,E55_I2_P95,,2.8514958113426923e-05,1.1946045877542715e-05,1.0905274063168801e-05,,11
5697,E55_I2_P96,,0.0,0.0,0.0,,0
5698,E55_I2_P97,,2.621906234859151e-06,1.046551398021287e-06,9.230861539384625e-07,,1
5699,E55_I2_P98,,0.0,0.0,0.0,,0
5700,E55_I2_P99,,0.0,0.0,0.0,,0
5701,E56_I2_P0,,0.0,0.0,0.0,,0
5702,E56_I2_P1,,2.7448704776804755e-06,1.0786504068302185e-06,9.784192511815025e-07,,1
5703,E56_I2_P2,,2.6265581490298898e-06,1.0427879282343558e-06,9.167331298185785e-07,,1
5704,E56_I2_P3,,0.0,0.0,0.0,,0
5705,E56_I2_P4,,0.0,0.0,0.0,,0
5706,E56_I2_P5,,0.0,0.0,0.0,,0
5707,E56_I2_P6,,0.0,0.0,0.0,,0
5708,E56_I2_P7,,0.0,0.0,0.0,,0
5709,E56_I2_P8,,9.076666009964974e-06,3.5253836152803405e-06,3.4726814280707838e-06,,3
5710,E56_I2_P9,,0.0,0.0,0.0,,0
5711,E56_I2_P10,,0.0,0.0,0.0,,0
5712,E56_I2_P11,,0.0,0.0,0.0,,0
5713,E56_I2_P12,,0.0,0.0,0.0,,0
5714,E56_I2_P13,,0.0,0.0,0.0,,0
5715,E56_I2_P14,,0.0,0.0,0.0,,0
5716,E56_I2_P15,,2.9128437982206687e-06,1.1297645173285182e-06,1.0708747761871718e-06,,1
5717,E56_I2_P16,,2.7278895987136984e-06,1.0772885096198295e-06,9.76029448760528e-07,,1
5718,E56_I2_P17,,0.0,0.0,0.0,,0
5719,E56_I2_P18,,0.0,0.0,0.0,,0
5720,E56_I2_P19,,1.4230313264588626e-05,5.586072021814815e-06,5.2383501711369e-06,,5
5721,E56_I2_P20,,0.0,0.0,0.0,,0
5722,E56_I2_P21,,0.0,0.0,0.0,,0
5723,E56_I2_P22,,0.0,0.0,0.0,,0
5724,E56_I2_P23,,0.0,0.0,0.0,,0
5725,E56_I2_P24,,0.0,0.0,0.0,,0
5726,E56_I2_P25,,2.755703938505707e-06,1.0763730972003215e-06,9.74425235274973e-07,,1
5727,E56_I2_P26,,2.808753921004325e-06,1.1021808812468373e-06,1.0203082147054983e-06,,1
5728,E56_I2_P27,,0.0,0.0,0.0,,0
5729,E56_I2_P28,,0.0,0.0,0.0,,0
5730,E56_I2_P29,,0.0,0.0,0.0,,0
5731,E56_I2_P30,,0.0,0.0,0.0,,0
5732,E56_I2_P31,,0.0,0.0,0.0,,0
5733,E56_I2_P32,,0.0,0.0,0.0,,0
5734,E56_I2_P33,,0.0,0.0,0.0,,0
5735,E56_I2_P34,,0.0,0.0,0.0,,0
5736,E56_I2_P35,,2.622549424225865e-06,1.0416221066753845e-06,9.14770804175014e-07,,1
5737,E56_I2_P36,,0.0,0.0,0.0,,0
5738,E56_I2_P37,,5.7870356253678255e-06,2.2183530789904683e-06,2.0659641699834003e-06,,2
5739,E56_I2_P38,,0.0,0.0,0.0,,0
5740,E56_I2_P39,,0.0,0.0,0.0,,0
5741,E56_I2_P40,,0.0,0.0,0.0,,0
5742,E56_I2_P41,,0.0,0.0,0.0,,0
5743,E56_I2_P42,,0.0,0.0,0.0,,0
5744,E56_I2_P43,,0.0,0.0,0.0,,0
5745,E56_I2_P44,,0.0,0.0,0.0,,0
5746,E56_I2_P45,,0.0,0.0,0.0,,0
5747,E56_I2_P46,,0.0,0.0,0.0,,0
5748,E56_I2_P47,,0.0,0.0,0.0,,0
5749,E56_I2_P48,,0.0,0.0,0.0,,0
5750,E56_I2_P49,,0.0,0.0,0.0,,0
5751,E56_I2_P50,,1.0336048675034846e-05,4.1595189510294865e-06,3.6473720684247005e-06,,4
5752,E56_I2_P51,,0.0,0.0,0.0,,0
5753,E56_I2_P52,,2.9774824230382488e-06,1.149613519427653e-06,1.1082579625563967e-06,,1
5754,E56_I2_P53,,0.0,0.0,0.0,,0
5755,E56_I2_P54,,0.0,0.0,0.0,,0
5756,E56_I2_P55,,0.0,0.0,0.0,,0
5757,E56_I2_P56,,4.678587290028365e-05,1.9917202792515923e-05,1.7594058764156272e-05,,19
5758,E56_I2_P57,,2.6494238042169293e-06,1.0694965712056448e-06,9.624287080934481e-07,,1
5759,E56_I2_P58,,0.0,0.0,0.0,,0
5760,E56_I2_P59,,0.0,0.0,0.0,,0
5761,E56_I2_P60,,0.0,0.0,0.0,,0
5762,E56_I2_P61,,0.0,0.0,0.0,,0
5763,E56_I2_P62,,8.615166029156792e-06,3.3367373991349662e-06,3.115724229325612e-06,,3
5764,E56_I2_P63,,0.0,0.0,0.0,,0
5765,E56_I2_P64,,2.975667668009366e-06,1.1397692207623257e-06,1.0896121552773595e-06,,1
5766,E56_I2_P65,,0.0,0.0,0.0,,0
5767,E56_I2_P66,,0.0,0.0,0.0,,0
5768,E56_I2_P67,,0.0,0.0,0.0,,0
5769,E56_I2_P68,,0.0,0.0,0.0,,0
5770,E56_I2_P69,,0.0,0.0,0.0,,0
5771,E56_I2_P70,,0.0,0.0,0.0,,0
5772,E56_I2_P71,,0.0,0.0,0.0,,0
5773,E56_I2_P72,,1.939408338237007e-05,7.703921702531103e-06,7.121706401549276e-06,,7
5774,E56_I2_P73,,0.0,0.0,0.0,,0
5775,E56_I2_P74,,0.0,0.0,0.0,,0
5776,E56_I2_P75,,1.5972605399219415e-05,6.444261206908036e-06,5.822102739735997e-06,,6
5777,E56_I2_P76,,0.0,0.0,0.0,,0
5778,E56_I2_P77,,0.0,0.0,0.0,,0
5779,E56_I2_P78,,0.0,0.0,0.0,,0
5780,E56_I2_P79,,0.0,0.0,0.0,,0
5781,E56_I2_P80,,0.0,0.0,0.0,,0
5782,E56_I2_P81,,0.0,0.0,0.0,,0
5783,E56_I2_P82,,0.0,0.0,0.0,,0
5784,E56_I2_P83,,0.0,0.0,0.0,,0
5785,E56_I2_P84,,0.0,0.0,0.0,,0
5786,E56_I2_P85,,5.296995201689929e-06,2.118315911216656e-06,1.8891431885525482e-06,,2
5787,E56_I2_P86,,0.0,0.0,0.0,,0
5788,E56_I2_P87,,2.890981503494986e-06,1.1218174821581572e-06,1.056142418692876e-06,,1
5789,E56_I2_P88,,7.688916347914921e-06,3.0915755458371166e-06,2.6886779770386906e-06,,3
5790,E56_I2_P89,,2.3451107196329907e-05,9.87063918481881e-06,8.258888060476535e-06,,10
5791,E56_I2_P90,,2.810415469447311e-06,1.0954994534243063e-06,1.0082982949675832e-06,,1
5792,E56_I2_P91,,0.0,0.0,0.0,,0
5793,E56_I2_P92,,0.0,0.0,0.0,,0
5794,E56_I2_P93,,0.0,0.0,0.0,,0
5795,E56_I2_P94,,0.0,0.0,0.0,,0
5796,E56_I2_P95,,0.0,0.0,0.0,,0
5797,E56_I2_P96,,2.6918319389290527e-06,1.0491164129924828e-06,9.27432144427153e-07,,1
5798,E56_I2_P97,,0.0,0.0,0.0,,0
5799,E56_I2_P98,,2.5994087224326718e-06,1.0399618451840132e-06,9.119808520500304e-07,,1
5800,E56_I2_P99,,0.0,0.0,0.0,,0
5801,E57_I2_P0,,0.0,0.0,0.0,,0
5802,E57_I2_P1,,0.0,0.0,0.0,,0
5803,E57_I2_P2,,0.0,0.0,0.0,,0
5804,E57_I2_P3,,0.0,0.0,0.0,,0
5805,E57_I2_P4,,2.944893249812203e-06,1.14236233918923e-06,1.0945035400348874e-06,,1
5806,E57_I2_P5,,2.924239847502785e-06,1.1236640962025249e-06,1.0595538112945259e-06,,1
5807,E57_I2_P6,,5.633781380060687e-06,2.2394962475926155e-06,2.104656130758076e-06,,2
5808,E57_I2_P7,,0.0,0.0,0.0,,0
5809,E57_I2_P8,,0.0,0.0,0.0,,0
5810,E57_I2_P9,,0.0,0.0,0.0,,0
5811,E57_I2_P10,,0.0,0.0,0.0,,0
5812,E57_I2_P11,,0.0,0.0,0.0,,0
5813,E57_I2_P12,,2.6790958163825167e-06,1.0631994445524185e-06,9.515266174108913e-07,,1
5814,E57_I2_P13,,0.0,0.0,0.0,,0
5815,E57_I2_P14,,0.0,0.0,0.0,,0
5816,E57_I2_P15,,0.0,0.0,0.0,,0
5817,E57_I2_P16,,0.0,0.0,0.0,,0
5818,E57_I2_P17,,0.0,0.0,0.0,,0
5819,E57_I2_P18,,2.804945937592375e-06,1.0939523056916032e-06,1.005530417295123e-06,,1
5820,E57_I2_P19,,0.0,0.0,0.0,,0
5821,E57_I2_P20,,0.0,0.0,0.0,,0
5822,E57_I2_P21,,0.0,0.0,0.0,,0
5823,E57_I2_P22,,0.0,0.0,0.0,,0
5824,E57_I2_P23,,0.0,0.0,0.0,,0
5825,E57_I2_P24,,0.0,0.0,0.0,,0
5826,E57_I2_P25,,0.0,0.0,0.0,,0
5827,E57_I2_P26,,2.9880075016517267e-06,1.1315152993314914e-06,1.0741383731905803e-06,,1
5828,E57_I2_P27,,0.0,0.0,0.0,,0
5829,E57_I2_P28,,5.130189589899222e-06,2.078945341077591e-06,1.822319726451586e-06,,2
5830,E57_I2_P29,,0.0,0.0,0.0,,0
5831,E57_I2_P30,,0.0,0.0,0.0,,0
5832,E57_I2_P31,,8.00564577285818e-06,3.219332583981143e-06,2.906166425010856e-06,,3
5833,E57_I2_P32,,1.4662230123764936e-05,5.643705192896333e-06,5.344849702826357e-06,,5
5834,E57_I2_P33,,0.0,0.0,0.0,,0
5835,E57_I2_P34,,2.8095710241195563e-06,1.1024134502095724e-06,1.0207279219102311e-06,,1
5836,E57_I2_P35,,0.0,0.0,0.0,,0
5837,E57_I2_P36,,0.0,0.0,0.0,,0
5838,E57_I2_P37,,0.0,0.0,0.0,,0
5839,E57_I2_P38,,0.0,0.0,0.0,,0
5840,E57_I2_P39,,0.0,0.0,0.0,,0
5841,E57_I2_P40,,3.63545542243471e-05,1.4800698355186046e-05,1.413427561837456e-05,,13
5842,E57_I2_P41,,0.0,0.0,0.0,,0
5843,E57_I2_P42,,0.0,0.0,0.0,,0
5844,E57_I2_P43,,0.0,0.0,0.0,,0
5845,E57_I2_P44,,0.0,0.0,0.0,,0
5846,E57_I2_P45,,0.0,0.0,0.0,,0
5847,E57_I2_P46,,0.0,0.0,0.0,,0
5848,E57_I2_P47,,0.0,0.0,0.0,,0
5849,E57_I2_P48,,0.0,0.0,0.0,,0
5850,E57_I2_P49,,2.9844028569720266e-06,1.1459550710319078e-06,1.101304302217724e-06,,1
5851,E57_I2_P50,,2.899002015347285e-06,1.1222302069166725e-06,1.056904253458323e-06,,1
5852,E57_I2_P51,,2.5693234495603643e-06,1.0360635870495225e-06,9.054514060075795e-07,,1
5853,E57_I2_P52,,0.0,0.0,0.0,,0
5854,E57_I2_P53,,0.0,0.0,0.0,,0
5855,E57_I2_P54,,0.0,0.0,0.0,,0
5856,E57_I2_P55,,0.0,0.0,0.0,,0
5857,E57_I2_P56,,1.1472430549533969e-05,4.436706157980937e-06,4.131928339966801e-06,,4
5858,E57_I2_P57,,0.0,0.0,0.0,,0
5859,E57_I2_P58,,0.0,0.0,0.0,,0
5860,E57_I2_P59,,0.0,0.0,0.0,,0
5861,E57_I2_P60,,0.0,0.0,0.0,,0
5862,E57_I2_P61,,0.0,0.0,0.0,,0
5863,E57_I2_P62,,0.0,0.0,0.0,,0
5864,E57_I2_P63,,0.0,0.0,0.0,,0
5865,E57_I2_P64,,0.0,0.0,0.0,,0
5866,E57_I2_P65,,0.0,0.0,0.0,,0
5867,E57_I2_P66,,0.0,0.0,0.0,,0
5868,E57_I2_P67,,0.0,0.0,0.0,,0
5869,E57_I2_P68,,0.0,0.0,0.0,,0
5870,E57_I2_P69,,0.0,0.0,0.0,,0
5871,E57_I2_P70,,0.0,0.0,0.0,,0
5872,E57_I2_P71,,2.8179559670909997e-06,1.1012369288302838e-06,1.0186058545390096e-06,,1
5873,E57_I2_P72,,0.0,0.0,0.0,,0
5874,E57_I2_P73,,0.0,0.0,0.0,,0
5875,E57_I2_P74,,0.0,0.0,0.0,,0
5876,E57_I2_P75,,0.0,0.0,0.0,,0
5877,E57_I2_P76,,0.0,0.0,0.0,,0
5878,E57_I2_P77,,0.0,0.0,0.0,,0
5879,E57_I2_P78,,0.0,0.0,0.0,,0
5880,E57_I2_P79,,9.374759977786045e-06,3.5799725203081157e-06,3.58078764198569e-06,,3
5881,E57_I2_P80,,0.0,0.0,0.0,,0
5882,E57_I2_P81,,0.0,0.0,0.0,,0
5883,E57_I2_P82,,0.0,0.0,0.0,,0
5884,E57_I2_P83,,9.053518000839284e-06,3.4862794608287608e-06,3.3965872223785283e-06,,3
5885,E57_I2_P84,,0.0,0.0,0.0,,0
5886,E57_I2_P85,,3.2050490428297954e-06,1.185530587499637e-06,1.1780717263080205e-06,,1
5887,E57_I2_P86,,6.015216534174579e-06,2.2887943476977035e-06,2.1967038458792583e-06,,2
5888,E57_I2_P87,,0.0,0.0,0.0,,0
5889,E57_I2_P88,,0.0,0.0,0.0,,0
5890,E57_I2_P89,,2.9395149653855876e-06,1.1372140251136124e-06,1.0848063647759035e-06,,1
5891,E57_I2_P90,,8.075499093802665e-06,3.2298753508320645e-06,2.9246001523229246e-06,,3
5892,E57_I2_P91,,0.0,0.0,0.0,,0
5893,E57_I2_P92,,0.0,0.0,0.0,,0
5894,E57_I2_P93,,0.0,0.0,0.0,,0
5895,E57_I2_P94,,0.0,0.0,0.0,,0
5896,E57_I2_P95,,0.0,0.0,0.0,,0
5897,E57_I2_P96,,0.0,0.0,0.0,,0
5898,E57_I2_P97,,2.5084172879065215e-05,1.0342929587166251e-05,9.024955129051219e-06,,10
5899,E57_I2_P98,,0.0,0.0,0.0,,0
5900,E57_I2_P99,,0.0,0.0,0.0,,0
5901,E58_I2_P0,,0.0,0.0,0.0,,0
5902,E58_I2_P1,,0.0,0.0,0.0,,0
5903,E58_I2_P2,,0.0,0.0,0.0,,0
5904,E58_I2_P3,,0.0,0.0,0.0,,0
5905,E58_I2_P4,,0.0,0.0,0.0,,0
5906,E58_I2_P5,,0.0,0.0,0.0,,0
5907,E58_I2_P6,,2.6512840611766864e-06,1.0516929489813068e-06,9.318107855700715e-07,,1
5908,E58_I2_P7,,0.0,0.0,0.0,,0
5909,E58_I2_P8,,2.4528363178283952e-06,9.996519572849697e-07,8.458895056833202e-07,,1
5910,E58_I2_P9,,0.0,0.0,0.0,,0
5911,E58_I2_P10,,0.0,0.0,0.0,,0
5912,E58_I2_P11,,0.0,0.0,0.0,,0
5913,E58_I2_P12,,0.0,0.0,0.0,,0
5914,E58_I2_P13,,0.0,0.0,0.0,,0
5915,E58_I2_P14,,0.0,0.0,0.0,,0
5916,E58_I2_P15,,0.0,0.0,0.0,,0
5917,E58_I2_P16,,3.20967223686642e-06,1.188852077163049e-06,1.1846713011007967e-06,,1
5918,E58_I2_P17,,0.0,0.0,0.0,,0
5919,E58_I2_P18,,0.0,0.0,0.0,,0
5920,E58_I2_P19,,0.0,0.0,0.0,,0
5921,E58_I2_P20,,0.0,0.0,0.0,,0
5922,E58_I2_P21,,2.682293777357305e-06,1.0445691256385708e-06,9.197364403256602e-07,,1
5923,E58_I2_P22,,2.67335204624839e-05,1.122715176084381e-05,9.679179205603365e-06,,11
5924,E58_I2_P23,,0.0,0.0,0.0,,0
5925,E58_I2_P24,,0.0,0.0,0.0,,0
5926,E58_I2_P25,,0.0,0.0,0.0,,0
5927,E58_I2_P26,,0.0,0.0,0.0,,0
5928,E58_I2_P27,,0.0,0.0,0.0,,0
5929,E58_I2_P28,,0.0,0.0,0.0,,0
5930,E58_I2_P29,,0.0,0.0,0.0,,0
5931,E58_I2_P30,,3.0112594897730935e-06,1.145697454465426e-06,1.100815731977789e-06,,1
5932,E58_I2_P31,,0.0,0.0,0.0,,0
5933,E58_I2_P32,,5.525694808751548e-06,2.1846020171825536e-06,2.005163295485876e-06,,2
5934,E58_I2_P33,,0.0,0.0,0.0,,0
5935,E58_I2_P34,,1.9325067626254242e-05,7.707506309382782e-06,7.128164395837152e-06,,7
5936,E58_I2_P35,,2.961425748095148e-06,1.1262247811260397e-06,1.0642962660229803e-06,,1
5937,E58_I2_P36,,0.0,0.0,0.0,,0
5938,E58_I2_P37,,0.0,0.0,0.0,,0
5939,E58_I2_P38,,0.0,0.0,0.0,,0
5940,E58_I2_P39,,0.0,0.0,0.0,,0
5941,E58_I2_P40,,0.0,0.0,0.0,,0
5942,E58_I2_P41,,2.63785569015433e-06,1.0512091062246806e-06,9.30987524068937e-07,,1
5943,E58_I2_P42,,0.0,0.0,0.0,,0
5944,E58_I2_P43,,0.0,0.0,0.0,,0
5945,E58_I2_P44,,0.0,0.0,0.0,,0
5946,E58_I2_P45,,2.5842053110616272e-06,1.0338186348270762e-06,9.017047178543396e-07,,1
5947,E58_I2_P46,,3.040238064246681e-06,1.1496680136139893e-06,1.108361758194257e-06,,1
5948,E58_I2_P47,,0.0,0.0,0.0,,0
5949,E58_I2_P48,,0.0,0.0,0.0,,0
5950,E58_I2_P49,,0.0,0.0,0.0,,0
5951,E58_I2_P50,,0.0,0.0,0.0,,0
5952,E58_I2_P51,,0.0,0.0,0.0,,0
5953,E58_I2_P52,,0.0,0.0,0.0,,0
5954,E58_I2_P53,,5.24748968859554e-06,2.1266002075004954e-06,1.9034005201993622e-06,,2
5955,E58_I2_P54,,0.0,0.0,0.0,,0
5956,E58_I2_P55,,0.0,0.0,0.0,,0
5957,E58_I2_P56,,0.0,0.0,0.0,,0
5958,E58_I2_P57,,0.0,0.0,0.0,,0
5959,E58_I2_P58,,0.0,0.0,0.0,,0
5960,E58_I2_P59,,4.396879920003488e-05,1.7225729624609176e-05,1.7770787934523533e-05,,14
5961,E58_I2_P60,,2.9335203305487353e-06,1.131855054346004e-06,1.0747724572361475e-06,,1
5962,E58_I2_P61,,2.6218097467948015e-06,1.0482080789368617e-06,9.258916336431984e-07,,1
5963,E58_I2_P62,,0.0,0.0,0.0,,0
5964,E58_I2_P63,,2.873182860800892e-06,1.107591374773769e-06,1.030101364549525e-06,,1
5965,E58_I2_P64,,0.0,0.0,0.0,,0
5966,E58_I2_P65,,0.0,0.0,0.0,,0
5967,E58_I2_P66,,0.0,0.0,0.0,,0
5968,E58_I2_P67,,0.0,0.0,0.0,,0
5969,E58_I2_P68,,0.0,0.0,0.0,,0
5970,E58_I2_P69,,4.095418819537667e-05,1.6181125948230157e-05,1.6891891891891892e-05,,13
5971,E58_I2_P70,,0.0,0.0,0.0,,0
5972,E58_I2_P71,,6.222116262799507e-06,2.352800896210517e-06,2.320113615963774e-06,,2
5973,E58_I2_P72,,0.0,0.0,0.0,,0
5974,E58_I2_P73,,2.7251656300921485e-06,1.0782378236957374e-06,9.77694869252865e-07,,1
5975,E58_I2_P74,,3.126558784799865e-06,1.1809037645005212e-06,1.1689193691108383e-06,,1
5976,E58_I2_P75,,0.0,0.0,0.0,,0
5977,E58_I2_P76,,0.0,0.0,0.0,,0
5978,E58_I2_P77,,0.0,0.0,0.0,,0
5979,E58_I2_P78,,0.0,0.0,0.0,,0
5980,E58_I2_P79,,0.0,0.0,0.0,,0
5981,E58_I2_P80,,0.0,0.0,0.0,,0
5982,E58_I2_P81,,0.0,0.0,0.0,,0
5983,E58_I2_P82,,5.211341751060484e-06,2.083179542610062e-06,1.8294328300868525e-06,,2
5984,E58_I2_P83,,0.0,0.0,0.0,,0
5985,E58_I2_P84,,0.0,0.0,0.0,,0
5986,E58_I2_P85,,0.0,0.0,0.0,,0
5987,E58_I2_P86,,2.6218097467948015e-06,1.0482080789368617e-06,9.258916336431984e-07,,1
5988,E58_I2_P87,,0.0,0.0,0.0,,0
5989,E58_I2_P88,,0.0,0.0,0.0,,0
5990,E58_I2_P89,,4.928814553814201e-06,2.027801331068357e-06,1.7377855398865228e-06,,2
5991,E58_I2_P90,,0.0,0.0,0.0,,0
5992,E58_I2_P91,,0.0,0.0,0.0,,0
5993,E58_I2_P92,,2.3152692871220635e-05,9.167790199856519e-06,8.810718238737425e-06,,8
5994,E58_I2_P93,,0.0,0.0,0.0,,0
5995,E58_I2_P94,,0.0,0.0,0.0,,0
5996,E58_I2_P95,,0.0,0.0,0.0,,0
5997,E58_I2_P96,,0.0,0.0,0.0,,0
5998,E58_I2_P97,,0.0,0.0,0.0,,0
5999,E58_I2_P98,,2.6239739040452154e-06,1.0471558671346643e-06,9.24109153000825e-07,,1
6000,E58_I2_P99,,0.0,0.0,0.0,,0
6001,E59_I2_P0,,0.0,0.0,0.0,,0
6002,E59_I2_P1,,0.0,0.0,0.0,,0
6003,E59_I2_P2,,2.7885046879391836e-06,1.0964083167402463e-06,1.0099265682392234e-06,,1
6004,E59_I2_P3,,0.0,0.0,0.0,,0
6005,E59_I2_P4,,0.0,0.0,0.0,,0
6006,E59_I2_P5,,3.7112460271550616e-05,1.4836715419609191e-05,1.4202124637845821e-05,,13
6007,E59_I2_P6,,0.0,0.0,0.0,,0
6008,E59_I2_P7,,0.0,0.0,0.0,,0
6009,E59_I2_P8,,2.907660998534088e-06,1.135502732891103e-06,1.0815955697845461e-06,,1
6010,E59_I2_P9,,0.0,0.0,0.0,,0
6011,E59_I2_P10,,0.0,0.0,0.0,,0
6012,E59_I2_P11,,1.716078611890145e-05,6.838848875347032e-06,6.53811283911012e-06,,6
6013,E59_I2_P12,,2.833888460086702e-06,1.092869048375422e-06,1.0035953804504638e-06,,1
6014,E59_I2_P13,,0.0,0.0,0.0,,0
6015,E59_I2_P14,,2.714935052752987e-06,1.0575128867292354e-06,9.417499409051912e-07,,1
6016,E59_I2_P15,,0.0,0.0,0.0,,0
6017,E59_I2_P16,,2.51683837601801e-06,1.0155771423992525e-06,8.716249049384088e-07,,1
6018,E59_I2_P17,,2.759963025049543e-06,1.072101841352975e-06,9.669625169067354e-07,,1
6019,E59_I2_P18,,0.0,0.0,0.0,,0
6020,E59_I2_P19,,0.0,0.0,0.0,,0
6021,E59_I2_P20,,0.0,0.0,0.0,,0
6022,E59_I2_P21,,0.0,0.0,0.0,,0
6023,E59_I2_P22,,0.0,0.0,0.0,,0
6024,E59_I2_P23,,0.0,0.0,0.0,,0
6025,E59_I2_P24,,0.0,0.0,0.0,,0
6026,E59_I2_P25,,0.0,0.0,0.0,,0
6027,E59_I2_P26,,0.0,0.0,0.0,,0
6028,E59_I2_P27,,0.0,0.0,0.0,,0
6029,E59_I2_P28,,0.0,0.0,0.0,,0
6030,E59_I2_P29,,0.0,0.0,0.0,,0
6031,E59_I2_P30,,0.0,0.0,0.0,,0
6032,E59_I2_P31,,2.6959397204711523e-06,1.0748905533561767e-06,9.71830756645561e-07,,1
6033,E59_I2_P32,,0.0,0.0,0.0,,0
6034,E59_I2_P33,,0.0,0.0,0.0,,0
6035,E59_I2_P34,,0.0,0.0,0.0,,0
6036,E59_I2_P35,,2.6362682057274398e-06,1.0541192581460666e-06,9.359461830944721e-07,,1
6037,E59_I2_P36,,0.0,0.0,0.0,,0
6038,E59_I2_P37,,0.0,0.0,0.0,,0
6039,E59_I2_P38,,0.0,0.0,0.0,,0
6040,E59_I2_P39,,0.0,0.0,0.0,,0
6041,E59_I2_P40,,0.0,0.0,0.0,,0
6042,E59_I2_P41,,0.0,0.0,0.0,,0
6043,E59_I2_P42,,2.7100050485438934e-06,1.0772832123482234e-06,9.760201606724388e-07,,1
6044,E59_I2_P43,,5.014095775933805e-06,2.021676507447703e-06,1.7278319165111619e-06,,2
6045,E59_I2_P44,,0.0,0.0,0.0,,0
6046,E59_I2_P45,,8.074526165131966e-06,3.2195475900536234e-06,2.906541607869752e-06,,3
6047,E59_I2_P46,,0.0,0.0,0.0,,0
6048,E59_I2_P47,,0.0,0.0,0.0,,0
6049,E59_I2_P48,,0.0,0.0,0.0,,0
6050,E59_I2_P49,,8.486932538320515e-06,3.3537669603272147e-06,3.1469103634052086e-06,,3
6051,E59_I2_P50,,0.0,0.0,0.0,,0
6052,E59_I2_P51,,0.0,0.0,0.0,,0
6053,E59_I2_P52,,0.0,0.0,0.0,,0
6054,E59_I2_P53,,0.0,0.0,0.0,,0
6055,E59_I2_P54,,0.0,0.0,0.0,,0
6056,E59_I2_P55,,0.0,0.0,0.0,,0
6057,E59_I2_P56,,0.0,0.0,0.0,,0
6058,E59_I2_P57,,1.7158355916304567e-05,7.159403277004771e-06,6.183882152874401e-06,,7
6059,E59_I2_P58,,0.0,0.0,0.0,,0
6060,E59_I2_P59,,0.0,0.0,0.0,,0
6061,E59_I2_P60,,8.666863144488375e-06,3.3731129993669374e-06,3.1825848954520867e-06,,3
6062,E59_I2_P61,,2.6291665839008553e-06,1.0520396187901083e-06,9.324009324009325e-07,,1
6063,E59_I2_P62,,0.0,0.0,0.0,,0
6064,E59_I2_P63,,0.0,0.0,0.0,,0
6065,E59_I2_P64,,5.800683629540042e-06,2.2372472439851572e-06,2.100518197839407e-06,,2
6066,E59_I2_P65,,0.0,0.0,0.0,,0
6067,E59_I2_P66,,0.0,0.0,0.0,,0
6068,E59_I2_P67,,0.0,0.0,0.0,,0
6069,E59_I2_P68,,3.29348527943665e-05,1.3681695004537052e-05,1.2130033964095099e-05,,13
6070,E59_I2_P69,,2.3528927508059956e-06,9.661980318607753e-07,7.933915246347078e-07,,1
6071,E59_I2_P70,,1.4964055348266241e-05,5.764434466716943e-06,5.572520785502531e-06,,5
6072,E59_I2_P71,,0.0,0.0,0.0,,0
6073,E59_I2_P72,,0.0,0.0,0.0,,0
6074,E59_I2_P73,,0.0,0.0,0.0,,0
6075,E59_I2_P74,,2.0155069316426906e-05,8.372332614289048e-06,7.38455630816492e-06,,8
6076,E59_I2_P75,,5.78402917110502e-06,2.247320300634004e-06,2.1190930281839373e-06,,2
6077,E59_I2_P76,,2.964112770805016e-06,1.1327711217110938e-06,1.07648333348135e-06,,1
6078,E59_I2_P77,,0.0,0.0,0.0,,0
6079,E59_I2_P78,,0.0,0.0,0.0,,0
6080,E59_I2_P79,,0.0,0.0,0.0,,0
6081,E59_I2_P80,,0.0,0.0,0.0,,0
6082,E59_I2_P81,,0.0,0.0,0.0,,0
6083,E59_I2_P82,,0.0,0.0,0.0,,0
6084,E59_I2_P83,,0.0,0.0,0.0,,0
6085,E59_I2_P84,,5.174257019919548e-06,2.0952598469700297e-06,1.8498238967650282e-06,,2
6086,E59_I2_P85,,0.0,0.0,0.0,,0
6087,E59_I2_P86,,0.0,0.0,0.0,,0
6088,E59_I2_P87,,0.0,0.0,0.0,,0
6089,E59_I2_P88,,0.0,0.0,0.0,,0
6090,E59_I2_P89,,5.512960966863808e-06,2.1669917764008113e-06,1.973904976214445e-06,,2
6091,E59_I2_P90,,0.0,0.0,0.0,,0
6092,E59_I2_P91,,0.0,0.0,0.0,,0
6093,E59_I2_P92,,0.0,0.0,0.0,,0
6094,E59_I2_P93,,2.873307506071316e-06,1.1327489518994793e-06,1.0764419073904734e-06,,1
6095,E59_I2_P94,,2.4437125384144182e-05,1.0289857731830854e-05,8.936724194594489e-06,,10
6096,E59_I2_P95,,0.0,0.0,0.0,,0
6097,E59_I2_P96,,2.5917499595891607e-06,1.0274757450448243e-06,8.911720717366784e-07,,1
6098,E59_I2_P97,,0.0,0.0,0.0,,0
6099,E59_I2_P98,,0.0,0.0,0.0,,0
6100,E59_I2_P99,,0.0,0.0,0.0,,0
6101,E60_I2_P0,,0.0,0.0,0.0,,0
6102,E60_I2_P1,,0.0,0.0,0.0,,0
6103,E60_I2_P2,,0.0,0.0,0.0,,0
6104,E60_I2_P3,,0.0,0.0,0.0,,0
6105,E60_I2_P4,,7.493651974907459e-06,3.057611475543734e-06,2.632661456190868e-06,,3
6106,E60_I2_P5,,0.0,0.0,0.0,,0
6107,E60_I2_P6,,5.726827919750954e-06,2.231240202659165e-06,2.089491893032642e-06,,2
6108,E60_I2_P7,,0.0,0.0,0.0,,0
6109,E60_I2_P8,,0.0,0.0,0.0,,0
6110,E60_I2_P9,,0.0,0.0,0.0,,0
6111,E60_I2_P10,,0.0,0.0,0.0,,0
6112,E60_I2_P11,,0.0,0.0,0.0,,0
6113,E60_I2_P12,,0.0,0.0,0.0,,0
6114,E60_I2_P13,,0.0,0.0,0.0,,0
6115,E60_I2_P14,,4.741963550331677e-06,1.9765128752795313e-06,1.655541428268701e-06,,2
6116,E60_I2_P15,,0.0,0.0,0.0,,0
6117,E60_I2_P16,,0.0,0.0,0.0,,0
6118,E60_I2_P17,,0.0,0.0,0.0,,0
6119,E60_I2_P18,,0.0,0.0,0.0,,0
6120,E60_I2_P19,,0.0,0.0,0.0,,0
6121,E60_I2_P20,,0.0,0.0,0.0,,0
6122,E60_I2_P21,,0.0,0.0,0.0,,0
6123,E60_I2_P22,,0.0,0.0,0.0,,0
6124,E60_I2_P23,,0.0,0.0,0.0,,0
6125,E60_I2_P24,,0.0,0.0,0.0,,0
6126,E60_I2_P25,,0.0,0.0,0.0,,0
6127,E60_I2_P26,,0.0,0.0,0.0,,0
6128,E60_I2_P27,,0.0,0.0,0.0,,0
6129,E60_I2_P28,,5.789237373361565e-06,2.23405968139684e-06,2.0946625119035746e-06,,2
6130,E60_I2_P29,,0.0,0.0,0.0,,0
6131,E60_I2_P30,,0.0,0.0,0.0,,0
6132,E60_I2_P31,,2.8721738693088754e-06,1.1183488071412318e-06,1.0497538720827668e-06,,1
6133,E60_I2_P32,,0.0,0.0,0.0,,0
6134,E60_I2_P33,,0.0,0.0,0.0,,0
6135,E60_I2_P34,,0.0,0.0,0.0,,0
6136,E60_I2_P35,,0.0,0.0,0.0,,0
6137,E60_I2_P36,,0.0,0.0,0.0,,0
6138,E60_I2_P37,,2.8143674897174448e-06,1.0892724008289242e-06,9.971879300372949e-07,,1
6139,E60_I2_P38,,0.0,0.0,0.0,,0
6140,E60_I2_P39,,0.0,0.0,0.0,,0
6141,E60_I2_P40,,0.0,0.0,0.0,,0
6142,E60_I2_P41,,0.0,0.0,0.0,,0
6143,E60_I2_P42,,0.0,0.0,0.0,,0
6144,E60_I2_P43,,2.8303335599859422e-06,1.1065328568790371e-06,1.0281806318015755e-06,,1
6145,E60_I2_P44,,0.0,0.0,0.0,,0
6146,E60_I2_P45,,1.291391019210924e-05,5.292229221617434e-06,4.716747519580399e-06,,5
6147,E60_I2_P46,,0.0,0.0,0.0,,0
6148,E60_I2_P47,,0.0,0.0,0.0,,0
6149,E60_I2_P48,,0.0,0.0,0.0,,0
6150,E60_I2_P49,,0.0,0.0,0.0,,0
6151,E60_I2_P50,,0.0,0.0,0.0,,0
6152,E60_I2_P51,,3.061744413169224e-06,1.1554920152430516e-06,1.1194917507451617e-06,,1
6153,E60_I2_P52,,0.0,0.0,0.0,,0
6154,E60_I2_P53,,0.0,0.0,0.0,,0
6155,E60_I2_P54,,5.189471917425977e-06,2.080113706642218e-06,1.8242807203172424e-06,,2
6156,E60_I2_P55,,0.0,0.0,0.0,,0
6157,E60_I2_P56,,2.7528855386771797e-06,1.070101652552483e-06,9.63480476874662e-07,,1
6158,E60_I2_P57,,8.243279305066336e-06,3.2836451445185816e-06,3.0197886751885105e-06,,3
6159,E60_I2_P58,,6.2431024988310655e-06,2.346553469919269e-06,2.3078711677078054e-06,,2
6160,E60_I2_P59,,0.0,0.0,0.0,,0
6161,E60_I2_P60,,0.0,0.0,0.0,,0
6162,E60_I2_P61,,0.0,0.0,0.0,,0
6163,E60_I2_P62,,0.0,0.0,0.0,,0
6164,E60_I2_P63,,0.0,0.0,0.0,,0
6165,E60_I2_P64,,0.0,0.0,0.0,,0
6166,E60_I2_P65,,0.0,0.0,0.0,,0
6167,E60_I2_P66,,0.0,0.0,0.0,,0
6168,E60_I2_P67,,0.0,0.0,0.0,,0
6169,E60_I2_P68,,0.0,0.0,0.0,,0
6170,E60_I2_P69,,1.7887056435762188e-05,7.206509657608703e-06,6.2616903522558635e-06,,7
6171,E60_I2_P70,,6.781563380355188e-06,2.5092950387278197e-06,2.6411130178479817e-06,,2
6172,E60_I2_P71,,0.0,0.0,0.0,,0
6173,E60_I2_P72,,0.0,0.0,0.0,,0
6174,E60_I2_P73,,5.370391120592843e-06,2.129482134224534e-06,1.908376460653452e-06,,2
6175,E60_I2_P74,,0.0,0.0,0.0,,0
6176,E60_I2_P75,,0.0,0.0,0.0,,0
6177,E60_I2_P76,,0.0,0.0,0.0,,0
6178,E60_I2_P77,,0.0,0.0,0.0,,0
6179,E60_I2_P78,,0.0,0.0,0.0,,0
6180,E60_I2_P79,,5.147069333308819e-06,2.054212307337619e-06,1.7811215366091723e-06,,2
6181,E60_I2_P80,,0.0,0.0,0.0,,0
6182,E60_I2_P81,,3.089131928898843e-06,1.1628832167905846e-06,1.1337225780851427e-06,,1
6183,E60_I2_P82,,7.933512337458066e-06,3.1633089159925656e-06,2.8094622689217284e-06,,3
6184,E60_I2_P83,,0.0,0.0,0.0,,0
6185,E60_I2_P84,,0.0,0.0,0.0,,0
6186,E60_I2_P85,,2.9328496388959736e-06,1.1203193244548113e-06,1.0533800331814711e-06,,1
6187,E60_I2_P86,,0.0,0.0,0.0,,0
6188,E60_I2_P87,,0.0,0.0,0.0,,0
6189,E60_I2_P88,,0.0,0.0,0.0,,0
6190,E60_I2_P89,,0.0,0.0,0.0,,0
6191,E60_I2_P90,,2.530096903542142e-06,1.0260196615283375e-06,8.887652517671986e-07,,1
6192,E60_I2_P91,,0.0,0.0,0.0,,0
6193,E60_I2_P92,,0.0,0.0,0.0,,0
6194,E60_I2_P93,,2.460320137024741e-06,1.0050720777351746e-06,8.545940304470489e-07,,1
6195,E60_I2_P94,,0.0,0.0,0.0,,0
6196,E60_I2_P95,,2.739389129054775e-06,1.0891851547582917e-06,9.97032830297036e-07,,1
6197,E60_I2_P96,,0.0,0.0,0.0,,0
6198,E60_I2_P97,,0.0,0.0,0.0,,0
6199,E60_I2_P98,,0.0,0.0,0.0,,0
6200,E60_I2_P99,,0.0,0.0,0.0,,0
6201,E61_I2_P0,,2.857960143624068e-06,1.101468973655343e-06,1.0190241620819071e-06,,1
6202,E61_I2_P1,,0.0,0.0,0.0,,0
6203,E61_I2_P2,,8.865018556268422e-06,3.4394435047118006e-06,3.3069074683198265e-06,,3
6204,E61_I2_P3,,0.0,0.0,0.0,,0
6205,E61_I2_P4,,0.0,0.0,0.0,,0
6206,E61_I2_P5,,0.0,0.0,0.0,,0
6207,E61_I2_P6,,0.0,0.0,0.0,,0
6208,E61_I2_P7,,0.0,0.0,0.0,,0
6209,E61_I2_P8,,0.0,0.0,0.0,,0
6210,E61_I2_P9,,0.0,0.0,0.0,,0
6211,E61_I2_P10,,0.0,0.0,0.0,,0
6212,E61_I2_P11,,0.0,0.0,0.0,,0
6213,E61_I2_P12,,0.0,0.0,0.0,,0
6214,E61_I2_P13,,0.0,0.0,0.0,,0
6215,E61_I2_P14,,0.0,0.0,0.0,,0
6216,E61_I2_P15,,0.0,0.0,0.0,,0
6217,E61_I2_P16,,0.0,0.0,0.0,,0
6218,E61_I2_P17,,0.0,0.0,0.0,,0
6219,E61_I2_P18,,0.0,0.0,0.0,,0
6220,E61_I2_P19,,0.0,0.0,0.0,,0
6221,E61_I2_P20,,0.0,0.0,0.0,,0
6222,E61_I2_P21,,0.0,0.0,0.0,,0
6223,E61_I2_P22,,0.0,0.0,0.0,,0
6224,E61_I2_P23,,0.0,0.0,0.0,,0
6225,E61_I2_P24,,0.0,0.0,0.0,,0
6226,E61_I2_P25,,0.0,0.0,0.0,,0
6227,E61_I2_P26,,0.0,0.0,0.0,,0
6228,E61_I2_P27,,0.0,0.0,0.0,,0
6229,E61_I2_P28,,0.0,0.0,0.0,,0
6230,E61_I2_P29,,0.0,0.0,0.0,,0
6231,E61_I2_P30,,1.0281057062460905e-05,4.156302632193014e-06,3.6419755896586104e-06,,4
6232,E61_I2_P31,,1.1013066270283211e-05,4.321625178307818e-06,3.92602389476293e-06,,4
6233,E61_I2_P32,,1.3998086962830068e-05,5.562689074318599e-06,5.195539317763342e-06,,5
6234,E61_I2_P33,,0.0,0.0,0.0,,0
6235,E61_I2_P34,,0.0,0.0,0.0,,0
6236,E61_I2_P35,,1.5586825205683716e-05,6.320655678695178e-06,5.608750398454976e-06,,6
6237,E61_I2_P36,,2.698575332945708e-06,1.0653631301736128e-06,9.552635739371618e-07,,1
6238,E61_I2_P37,,1.4141826729986496e-05,5.516612287060585e-06,5.111847217110376e-06,,5
6239,E61_I2_P38,,0.0,0.0,0.0,,0
6240,E61_I2_P39,,1.9856487032567776e-05,8.23409212323024e-06,7.153035849003884e-06,,8
6241,E61_I2_P40,,0.0,0.0,0.0,,0
6242,E61_I2_P41,,0.0,0.0,0.0,,0
6243,E61_I2_P42,,0.0,0.0,0.0,,0
6244,E61_I2_P43,,0.0,0.0,0.0,,0
6245,E61_I2_P44,,1.5443047972392234e-05,6.2683922365950036e-06,5.52006866965425e-06,,6
6246,E61_I2_P45,,1.0682143510596981e-05,4.31357440164244e-06,3.911873317894473e-06,,4
6247,E61_I2_P46,,0.0,0.0,0.0,,0
6248,E61_I2_P47,,0.0,0.0,0.0,,0
6249,E61_I2_P48,,0.0,0.0,0.0,,0
6250,E61_I2_P49,,0.0,0.0,0.0,,0
6251,E61_I2_P50,,0.0,0.0,0.0,,0
6252,E61_I2_P51,,0.0,0.0,0.0,,0
6253,E61_I2_P52,,0.0,0.0,0.0,,0
6254,E61_I2_P53,,3.266621090067092e-06,1.218315722083384e-06,1.2442972302565805e-06,,1
6255,E61_I2_P54,,0.0,0.0,0.0,,0
6256,E61_I2_P55,,0.0,0.0,0.0,,0
6257,E61_I2_P56,,0.0,0.0,0.0,,0
6258,E61_I2_P57,,2.6580299401341908e-06,1.043088030113956e-06,9.172386987593201e-07,,1
6259,E61_I2_P58,,0.0,0.0,0.0,,0
6260,E61_I2_P59,,0.0,0.0,0.0,,0
6261,E61_I2_P60,,0.0,0.0,0.0,,0
6262,E61_I2_P61,,0.0,0.0,0.0,,0
6263,E61_I2_P62,,0.0,0.0,0.0,,0
6264,E61_I2_P63,,0.0,0.0,0.0,,0
6265,E61_I2_P64,,2.4619155355155104e-06,1.00238542251499e-06,8.502723528630265e-07,,1
6266,E61_I2_P65,,2.7591512834343485e-06,1.0880091274878621e-06,9.949436961362356e-07,,1
6267,E61_I2_P66,,0.0,0.0,0.0,,0
6268,E61_I2_P67,,0.0,0.0,0.0,,0
6269,E61_I2_P68,,0.0,0.0,0.0,,0
6270,E61_I2_P69,,0.0,0.0,0.0,,0
6271,E61_I2_P70,,0.0,0.0,0.0,,0
6272,E61_I2_P71,,2.2996061629439834e-05,9.365588344002272e-06,8.217789688500117e-06,,9
6273,E61_I2_P72,,0.0,0.0,0.0,,0
6274,E61_I2_P73,,2.8254854430727196e-06,1.101568193379635e-06,1.0192030596475852e-06,,1
6275,E61_I2_P74,,0.0,0.0,0.0,,0
6276,E61_I2_P75,,0.0,0.0,0.0,,0
6277,E61_I2_P76,,0.0,0.0,0.0,,0
6278,E61_I2_P77,,0.0,0.0,0.0,,0
6279,E61_I2_P78,,2.8545334628354443e-06,1.1151673451605351e-06,1.043916524259054e-06,,1
6280,E61_I2_P79,,5.195227443168807e-06,2.057943355804522e-06,1.787298119092142e-06,,2
6281,E61_I2_P80,,0.0,0.0,0.0,,0
6282,E61_I2_P81,,0.0,0.0,0.0,,0
6283,E61_I2_P82,,0.0,0.0,0.0,,0
6284,E61_I2_P83,,5.952749218877386e-06,2.263939414228101e-06,2.1499729775271385e-06,,2
6285,E61_I2_P84,,0.0,0.0,0.0,,0
6286,E61_I2_P85,,3.2561894296190607e-06,1.2031846060997708e-06,1.2134317183770594e-06,,1
6287,E61_I2_P86,,0.0,0.0,0.0,,0
6288,E61_I2_P87,,0.0,0.0,0.0,,0
6289,E61_I2_P88,,0.0,0.0,0.0,,0
6290,E61_I2_P89,,0.0,0.0,0.0,,0
6291,E61_I2_P90,,0.0,0.0,0.0,,0
6292,E61_I2_P91,,0.0,0.0,0.0,,0
6293,E61_I2_P92,,3.0115423157027224e-06,1.151537530050305e-06,1.111926523895301e-06,,1
6294,E61_I2_P93,,0.0,0.0,0.0,,0
6295,E61_I2_P94,,0.0,0.0,0.0,,0
6296,E61_I2_P95,,0.0,0.0,0.0,,0
6297,E61_I2_P96,,0.0,0.0,0.0,,0
6298,E61_I2_P97,,0.0,0.0,0.0,,0
6299,E61_I2_P98,,0.0,0.0,0.0,,0
6300,E61_I2_P99,,0.0,0.0,0.0,,0
6301,E62_I2_P0,,0.0,0.0,0.0,,0
6302,E62_I2_P1,,0.0,0.0,0.0,,0
6303,E62_I2_P2,,0.0,0.0,0.0,,0
6304,E62_I2_P3,,0.0,0.0,0.0,,0
6305,E62_I2_P4,,0.0,0.0,0.0,,0
6306,E62_I2_P5,,5.6303293382190305e-06,2.207510231971717e-06,2.046302714676339e-06,,2
6307,E62_I2_P6,,0.0,0.0,0.0,,0
6308,E62_I2_P7,,0.0,0.0,0.0,,0
6309,E62_I2_P8,,0.0,0.0,0.0,,0
6310,E62_I2_P9,,0.0,0.0,0.0,,0
6311,E62_I2_P10,,0.0,0.0,0.0,,0
6312,E62_I2_P11,,0.0,0.0,0.0,,0
6313,E62_I2_P12,,0.0,0.0,0.0,,0
6314,E62_I2_P13,,0.0,0.0,0.0,,0
6315,E62_I2_P14,,0.0,0.0,0.0,,0
6316,E62_I2_P15,,0.0,0.0,0.0,,0
6317,E62_I2_P16,,0.0,0.0,0.0,,0
6318,E62_I2_P17,,0.0,0.0,0.0,,0
6319,E62_I2_P18,,0.0,0.0,0.0,,0
6320,E62_I2_P19,,0.0,0.0,0.0,,0
6321,E62_I2_P20,,0.0,0.0,0.0,,0
6322,E62_I2_P21,,2.392533547613561e-06,9.994747696914402e-07,8.456058935348357e-07,,1
6323,E62_I2_P22,,0.0,0.0,0.0,,0
6324,E62_I2_P23,,7.92230087769956e-06,3.1996652196099545e-06,2.871978678430291e-06,,3
6325,E62_I2_P24,,0.0,0.0,0.0,,0
6326,E62_I2_P25,,5.096057477792651e-06,2.0751271395508993e-06,1.815920584345085e-06,,2
6327,E62_I2_P26,,0.0,0.0,0.0,,0
6328,E62_I2_P27,,0.0,0.0,0.0,,0
6329,E62_I2_P28,,0.0,0.0,0.0,,0
6330,E62_I2_P29,,0.0,0.0,0.0,,0
6331,E62_I2_P30,,0.0,0.0,0.0,,0
6332,E62_I2_P31,,0.0,0.0,0.0,,0
6333,E62_I2_P32,,5.690948884868544e-06,2.2387927931341667e-06,2.1033612764878916e-06,,2
6334,E62_I2_P33,,0.0,0.0,0.0,,0
6335,E62_I2_P34,,0.0,0.0,0.0,,0
6336,E62_I2_P35,,0.0,0.0,0.0,,0
6337,E62_I2_P36,,0.0,0.0,0.0,,0
6338,E62_I2_P37,,0.0,0.0,0.0,,0
6339,E62_I2_P38,,0.0,0.0,0.0,,0
6340,E62_I2_P39,,0.0,0.0,0.0,,0
6341,E62_I2_P40,,0.0,0.0,0.0,,0
6342,E62_I2_P41,,0.0,0.0,0.0,,0
6343,E62_I2_P42,,0.0,0.0,0.0,,0
6344,E62_I2_P43,,2.5749650537250607e-06,1.045802401997574e-06,9.218195611954526e-07,,1
6345,E62_I2_P44,,0.0,0.0,0.0,,0
6346,E62_I2_P45,,0.0,0.0,0.0,,0
6347,E62_I2_P46,,0.0,0.0,0.0,,0
6348,E62_I2_P47,,0.0,0.0,0.0,,0
6349,E62_I2_P48,,0.0,0.0,0.0,,0
6350,E62_I2_P49,,0.0,0.0,0.0,,0
6351,E62_I2_P50,,0.0,0.0,0.0,,0
6352,E62_I2_P51,,2.9177719650766235e-06,1.1293124451389505e-06,1.0700331335759813e-06,,1
6353,E62_I2_P52,,0.0,0.0,0.0,,0
6354,E62_I2_P53,,0.0,0.0,0.0,,0
6355,E62_I2_P54,,3.1062755779079728e-06,1.173462606299221e-06,1.154299216288547e-06,,1
6356,E62_I2_P55,,3.684605665460524e-05,1.5562661379693492e-05,1.3618078271266673e-05,,15
6357,E62_I2_P56,,1.2780875056685869e-05,5.197829767758495e-06,4.556581925634305e-06,,5
6358,E62_I2_P57,,0.0,0.0,0.0,,0
6359,E62_I2_P58,,0.0,0.0,0.0,,0
6360,E62_I2_P59,,0.0,0.0,0.0,,0
6361,E62_I2_P60,,0.0,0.0,0.0,,0
6362,E62_I2_P61,,0.0,0.0,0.0,,0
6363,E62_I2_P62,,0.0,0.0,0.0,,0
6364,E62_I2_P63,,0.0,0.0,0.0,,0
6365,E62_I2_P64,,0.0,0.0,0.0,,0
6366,E62_I2_P65,,0.0,0.0,0.0,,0
6367,E62_I2_P66,,0.0,0.0,0.0,,0
6368,E62_I2_P67,,0.0,0.0,0.0,,0
6369,E62_I2_P68,,5.701359380049998e-06,2.2722436634392634e-06,2.165512854348959e-06,,2
6370,E62_I2_P69,,0.0,0.0,0.0,,0
6371,E62_I2_P70,,0.0,0.0,0.0,,0
6372,E62_I2_P71,,2.757835353835753e-06,1.071500756005603e-06,9.659152650833706e-07,,1
6373,E62_I2_P72,,0.0,0.0,0.0,,0
6374,E62_I2_P73,,0.0,0.0,0.0,,0
6375,E62_I2_P74,,0.0,0.0,0.0,,0
6376,E62_I2_P75,,0.0,0.0,0.0,,0
6377,E62_I2_P76,,0.0,0.0,0.0,,0
6378,E62_I2_P77,,0.0,0.0,0.0,,0
6379,E62_I2_P78,,3.1502937897789937e-06,1.1912184165079763e-06,1.1893880420115644e-06,,1
6380,E62_I2_P79,,0.0,0.0,0.0,,0
6381,E62_I2_P80,,0.0,0.0,0.0,,0
6382,E62_I2_P81,,0.0,0.0,0.0,,0
6383,E62_I2_P82,,0.0,0.0,0.0,,0
6384,E62_I2_P83,,5.978914645069236e-06,2.3270464383778466e-06,2.2699208251616187e-06,,2
6385,E62_I2_P84,,0.0,0.0,0.0,,0
6386,E62_I2_P85,,0.0,0.0,0.0,,0
6387,E62_I2_P86,,0.0,0.0,0.0,,0
6388,E62_I2_P87,,0.0,0.0,0.0,,0
6389,E62_I2_P88,,0.0,0.0,0.0,,0
6390,E62_I2_P89,,0.0,0.0,0.0,,0
6391,E62_I2_P90,,2.7163254289880966e-06,1.0687073274912302e-06,9.610579325721755e-07,,1
6392,E62_I2_P91,,0.0,0.0,0.0,,0
6393,E62_I2_P92,,1.1240282733319767e-05,4.407538921862874e-06,4.079095705273098e-06,,4
6394,E62_I2_P93,,0.0,0.0,0.0,,0
6395,E62_I2_P94,,0.0,0.0,0.0,,0
6396,E62_I2_P95,,0.0,0.0,0.0,,0
6397,E62_I2_P96,,0.0,0.0,0.0,,0
6398,E62_I2_P97,,0.0,0.0,0.0,,0
6399,E62_I2_P98,,0.0,0.0,0.0,,0
6400,E62_I2_P99,,0.0,0.0,0.0,,0
6401,E63_I2_P0,,0.0,0.0,0.0,,0
6402,E63_I2_P1,,0.0,0.0,0.0,,0
6403,E63_I2_P2,,0.0,0.0,0.0,,0
6404,E63_I2_P3,,0.0,0.0,0.0,,0
6405,E63_I2_P4,,1.2051605830260946e-05,4.627090982227158e-06,4.487796559206378e-06,,4
6406,E63_I2_P5,,0.0,0.0,0.0,,0
6407,E63_I2_P6,,0.0,0.0,0.0,,0
6408,E63_I2_P7,,0.0,0.0,0.0,,0
6409,E63_I2_P8,,0.0,0.0,0.0,,0
6410,E63_I2_P9,,0.0,0.0,0.0,,0
6411,E63_I2_P10,,0.0,0.0,0.0,,0
6412,E63_I2_P11,,0.0,0.0,0.0,,0
6413,E63_I2_P12,,0.0,0.0,0.0,,0
6414,E63_I2_P13,,7.762562703417163e-06,3.0827783296065336e-06,2.674097091117184e-06,,3
6415,E63_I2_P14,,0.0,0.0,0.0,,0
6416,E63_I2_P15,,2.2346929858217776e-06,9.356794257097477e-07,7.4730847511332e-07,,1
6417,E63_I2_P16,,0.0,0.0,0.0,,0
6418,E63_I2_P17,,0.0,0.0,0.0,,0
6419,E63_I2_P18,,0.0,0.0,0.0,,0
6420,E63_I2_P19,,2.401875490281821e-06,9.857938505212614e-07,8.23887463563577e-07,,1
6421,E63_I2_P20,,0.0,0.0,0.0,,0
6422,E63_I2_P21,,2.6053509279713215e-06,1.0483527481114269e-06,9.261368793262169e-07,,1
6423,E63_I2_P22,,0.0,0.0,0.0,,0
6424,E63_I2_P23,,2.6485944773542534e-06,1.052630807035138e-06,9.334078815094699e-07,,1
6425,E63_I2_P24,,0.0,0.0,0.0,,0
6426,E63_I2_P25,,0.0,0.0,0.0,,0
6427,E63_I2_P26,,0.0,0.0,0.0,,0
6428,E63_I2_P27,,3.0179384094654864e-06,1.1513817798730665e-06,1.1116292538577704e-06,,1
6429,E63_I2_P28,,0.0,0.0,0.0,,0
6430,E63_I2_P29,,1.0928368782992141e-05,4.398763040342639e-06,4.063285674378445e-06,,4
6431,E63_I2_P30,,0.0,0.0,0.0,,0
6432,E63_I2_P31,,0.0,0.0,0.0,,0
6433,E63_I2_P32,,0.0,0.0,0.0,,0
6434,E63_I2_P33,,0.0,0.0,0.0,,0
6435,E63_I2_P34,,0.0,0.0,0.0,,0
6436,E63_I2_P35,,0.0,0.0,0.0,,0
6437,E63_I2_P36,,0.0,0.0,0.0,,0
6438,E63_I2_P37,,0.0,0.0,0.0,,0
6439,E63_I2_P38,,2.518278825853714e-06,1.005988036325163e-06,8.560705676090292e-07,,1
6440,E63_I2_P39,,0.0,0.0,0.0,,0
6441,E63_I2_P40,,0.0,0.0,0.0,,0
6442,E63_I2_P41,,0.0,0.0,0.0,,0
6443,E63_I2_P42,,0.0,0.0,0.0,,0
6444,E63_I2_P43,,0.0,0.0,0.0,,0
6445,E63_I2_P44,,0.0,0.0,0.0,,0
6446,E63_I2_P45,,5.091923112684652e-06,2.0738893601335717e-06,1.8138491920435507e-06,,2
6447,E63_I2_P46,,0.0,0.0,0.0,,0
6448,E63_I2_P47,,0.0,0.0,0.0,,0
6449,E63_I2_P48,,0.0,0.0,0.0,,0
6450,E63_I2_P49,,0.0,0.0,0.0,,0
6451,E63_I2_P50,,0.0,0.0,0.0,,0
6452,E63_I2_P51,,0.0,0.0,0.0,,0
6453,E63_I2_P52,,1.4913271171346463e-05,5.741120688113826e-06,5.528068769175489e-06,,5
6454,E63_I2_P53,,0.0,0.0,0.0,,0
6455,E63_I2_P54,,0.0,0.0,0.0,,0
6456,E63_I2_P55,,0.0,0.0,0.0,,0
6457,E63_I2_P56,,2.8103479369329304e-06,1.0972858076034542e-06,1.0115002521164378e-06,,1
6458,E63_I2_P57,,1.2447582708481527e-05,5.1209484423824605e-06,4.428731305771567e-06,,5
6459,E63_I2_P58,,7.607762824895385e-06,3.0324429893700496e-06,2.5916314492748617e-06,,3
6460,E63_I2_P59,,2.7524689412910327e-06,1.0912640509978978e-06,1.0007327865829754e-06,,1
6461,E63_I2_P60,,0.0,0.0,0.0,,0
6462,E63_I2_P61,,0.0,0.0,0.0,,0
6463,E63_I2_P62,,0.0,0.0,0.0,,0
6464,E63_I2_P63,,3.2292925526369732e-06,1.2043714202596441e-06,1.2158339268122691e-06,,1
6465,E63_I2_P64,,2.416020274473119e-06,9.916501654268448e-07,8.331410166153314e-07,,1
6466,E63_I2_P65,,2.8423243228214663e-06,1.1026686744785496e-06,1.0211886431568617e-06,,1
6467,E63_I2_P66,,0.0,0.0,0.0,,0
6468,E63_I2_P67,,0.0,0.0,0.0,,0
6469,E63_I2_P68,,0.0,0.0,0.0,,0
6470,E63_I2_P69,,0.0,0.0,0.0,,0
6471,E63_I2_P70,,0.0,0.0,0.0,,0
6472,E63_I2_P71,,0.0,0.0,0.0,,0
6473,E63_I2_P72,,0.0,0.0,0.0,,0
6474,E63_I2_P73,,0.0,0.0,0.0,,0
6475,E63_I2_P74,,0.0,0.0,0.0,,0
6476,E63_I2_P75,,2.840945918529672e-06,1.0929497363393849e-06,1.003739431251126e-06,,1
6477,E63_I2_P76,,0.0,0.0,0.0,,0
6478,E63_I2_P77,,1.224142650122731e-05,5.0507178200124925e-06,4.313947531613147e-06,,5
6479,E63_I2_P78,,0.0,0.0,0.0,,0
6480,E63_I2_P79,,0.0,0.0,0.0,,0
6481,E63_I2_P80,,0.0,0.0,0.0,,0
6482,E63_I2_P81,,0.0,0.0,0.0,,0
6483,E63_I2_P82,,0.0,0.0,0.0,,0
6484,E63_I2_P83,,0.0,0.0,0.0,,0
6485,E63_I2_P84,,0.0,0.0,0.0,,0
6486,E63_I2_P85,,0.0,0.0,0.0,,0
6487,E63_I2_P86,,0.0,0.0,0.0,,0
6488,E63_I2_P87,,6.105075434944179e-06,2.3210560771496537e-06,2.2583501792142016e-06,,2
6489,E63_I2_P88,,5.501470669733778e-06,2.1458093307157014e-06,1.936724780514612e-06,,2
6490,E63_I2_P89,,0.0,0.0,0.0,,0
6491,E63_I2_P90,,1.621875401704933e-05,6.486818510288525e-06,5.896747943509155e-06,,6
6492,E63_I2_P91,,0.0,0.0,0.0,,0
6493,E63_I2_P92,,0.0,0.0,0.0,,0
6494,E63_I2_P93,,0.0,0.0,0.0,,0
6495,E63_I2_P94,,0.0,0.0,0.0,,0
6496,E63_I2_P95,,0.0,0.0,0.0,,0
6497,E63_I2_P96,,0.0,0.0,0.0,,0
6498,E63_I2_P97,,2.747956264532128e-06,1.0687073274912338e-06,9.610579325721755e-07,,1
6499,E63_I2_P98,,2.5338541933078278e-05,1.0139740469664446e-05,9.585562864251389e-06,,9
6500,E63_I2_P99,,0.0,0.0,0.0,,0
6501,E64_I2_P0,,2.5628076966016884e-06,1.0241618394328593e-06,8.857003675656525e-07,,1
6502,E64_I2_P1,,0.0,0.0,0.0,,0
6503,E64_I2_P2,,0.0,0.0,0.0,,0
6504,E64_I2_P3,,0.0,0.0,0.0,,0
6505,E64_I2_P4,,0.0,0.0,0.0,,0
6506,E64_I2_P5,,0.0,0.0,0.0,,0
6507,E64_I2_P6,,0.0,0.0,0.0,,0
6508,E64_I2_P7,,0.0,0.0,0.0,,0
6509,E64_I2_P8,,2.6334222156846515e-06,1.053286113336279e-06,9.345248525202968e-07,,1
6510,E64_I2_P9,,0.0,0.0,0.0,,0
6511,E64_I2_P10,,0.0,0.0,0.0,,0
6512,E64_I2_P11,,2.0656485955797145e-05,8.389190599307252e-06,7.413111384778473e-06,,8
6513,E64_I2_P12,,0.0,0.0,0.0,,0
6514,E64_I2_P13,,0.0,0.0,0.0,,0
6515,E64_I2_P14,,0.0,0.0,0.0,,0
6516,E64_I2_P15,,5.31389509060428e-06,2.109674285364085e-06,1.8743439796071375e-06,,2
6517,E64_I2_P16,,0.0,0.0,0.0,,0
6518,E64_I2_P17,,1.4614715170304085e-05,6.028479785155855e-06,5.1244187521271674e-06,,6
6519,E64_I2_P18,,0.0,0.0,0.0,,0
6520,E64_I2_P19,,0.0,0.0,0.0,,0
6521,E64_I2_P20,,0.0,0.0,0.0,,0
6522,E64_I2_P21,,5.64023828406402e-06,2.2067690141368714e-06,2.0449631152559107e-06,,2
6523,E64_I2_P22,,0.0,0.0,0.0,,0
6524,E64_I2_P23,,2.6499488879931795e-05,1.1185356934831206e-05,9.610743063336982e-06,,11
6525,E64_I2_P24,,0.0,0.0,0.0,,0
6526,E64_I2_P25,,3.030176502480841e-06,1.1449566238757782e-06,1.0994115399732295e-06,,1
6527,E64_I2_P26,,7.918939116830775e-05,3.5266999444974695e-05,3.1714317428603146e-05,,33
6528,E64_I2_P27,,0.0,0.0,0.0,,0
6529,E64_I2_P28,,0.0,0.0,0.0,,0
6530,E64_I2_P29,,0.0,0.0,0.0,,0
6531,E64_I2_P30,,0.0,0.0,0.0,,0
6532,E64_I2_P31,,0.0,0.0,0.0,,0
6533,E64_I2_P32,,0.0,0.0,0.0,,0
6534,E64_I2_P33,,0.0,0.0,0.0,,0
6535,E64_I2_P34,,0.0,0.0,0.0,,0
6536,E64_I2_P35,,0.0,0.0,0.0,,0
6537,E64_I2_P36,,0.0,0.0,0.0,,0
6538,E64_I2_P37,,0.0,0.0,0.0,,0
6539,E64_I2_P38,,2.8128449835178143e-06,1.103345019860291e-06,1.0224102093793867e-06,,1
6540,E64_I2_P39,,0.0,0.0,0.0,,0
6541,E64_I2_P40,,0.0,0.0,0.0,,0
6542,E64_I2_P41,,6.153458648734763e-06,2.338090192832901e-06,2.291354946920763e-06,,2
6543,E64_I2_P42,,0.0,0.0,0.0,,0
6544,E64_I2_P43,,2.6196163210710297e-06,1.0390435286046566e-06,9.104400156595683e-07,,1
6545,E64_I2_P44,,0.0,0.0,0.0,,0
6546,E64_I2_P45,,0.0,0.0,0.0,,0
6547,E64_I2_P46,,0.0,0.0,0.0,,0
6548,E64_I2_P47,,2.1257295120352052e-05,8.63049325587542e-06,7.82961964686458e-06,,8
6549,E64_I2_P48,,0.0,0.0,0.0,,0
6550,E64_I2_P49,,0.0,0.0,0.0,,0
6551,E64_I2_P50,,0.0,0.0,0.0,,0
6552,E64_I2_P51,,0.0,0.0,0.0,,0
6553,E64_I2_P52,,0.0,0.0,0.0,,0
6554,E64_I2_P53,,0.0,0.0,0.0,,0
6555,E64_I2_P54,,0.0,0.0,0.0,,0
6556,E64_I2_P55,,0.0,0.0,0.0,,0
6557,E64_I2_P56,,0.0,0.0,0.0,,0
6558,E64_I2_P57,,0.0,0.0,0.0,,0
6559,E64_I2_P58,,2.7080430436420227e-06,1.0591917360837727e-06,9.44629591844446e-07,,1
6560,E64_I2_P59,,0.0,0.0,0.0,,0
6561,E64_I2_P60,,0.0,0.0,0.0,,0
6562,E64_I2_P61,,0.0,0.0,0.0,,0
6563,E64_I2_P62,,0.0,0.0,0.0,,0
6564,E64_I2_P63,,1.4230116391769516e-05,5.620699217289295e-06,5.302169303037799e-06,,5
6565,E64_I2_P64,,6.257124055341728e-06,2.3854086940017996e-06,2.384712561652272e-06,,2
6566,E64_I2_P65,,0.0,0.0,0.0,,0
6567,E64_I2_P66,,0.0,0.0,0.0,,0
6568,E64_I2_P67,,0.0,0.0,0.0,,0
6569,E64_I2_P68,,0.0,0.0,0.0,,0
6570,E64_I2_P69,,0.0,0.0,0.0,,0
6571,E64_I2_P70,,0.0,0.0,0.0,,0
6572,E64_I2_P71,,2.3547255834624718e-06,9.819007160410624e-07,8.177716499422142e-07,,1
6573,E64_I2_P72,,1.3650485488704703e-05,5.385727536354367e-06,4.878893662073188e-06,,5
6574,E64_I2_P73,,0.0,0.0,0.0,,0
6575,E64_I2_P74,,0.0,0.0,0.0,,0
6576,E64_I2_P75,,0.0,0.0,0.0,,0
6577,E64_I2_P76,,0.0,0.0,0.0,,0
6578,E64_I2_P77,,0.0,0.0,0.0,,0
6579,E64_I2_P78,,2.4378751295294264e-06,9.95138874321162e-07,8.3868431398244e-07,,1
6580,E64_I2_P79,,0.0,0.0,0.0,,0
6581,E64_I2_P80,,2.720664186526795e-06,1.0681768316117938e-06,9.601372612228644e-07,,1
6582,E64_I2_P81,,0.0,0.0,0.0,,0
6583,E64_I2_P82,,0.0,0.0,0.0,,0
6584,E64_I2_P83,,0.0,0.0,0.0,,0
6585,E64_I2_P84,,0.0,0.0,0.0,,0
6586,E64_I2_P85,,0.0,0.0,0.0,,0
6587,E64_I2_P86,,2.6255532779637203e-06,1.040767717139112e-06,9.133343851901004e-07,,1
6588,E64_I2_P87,,3.435783315657994e-06,1.2540708738772097e-06,1.3193221322884302e-06,,1
6589,E64_I2_P88,,0.0,0.0,0.0,,0
6590,E64_I2_P89,,5.232973567210782e-06,2.0618431925379984e-06,1.793768627166088e-06,,2
6591,E64_I2_P90,,0.0,0.0,0.0,,0
6592,E64_I2_P91,,0.0,0.0,0.0,,0
6593,E64_I2_P92,,0.0,0.0,0.0,,0
6594,E64_I2_P93,,0.0,0.0,0.0,,0
6595,E64_I2_P94,,0.0,0.0,0.0,,0
6596,E64_I2_P95,,0.0,0.0,0.0,,0
6597,E64_I2_P96,,0.0,0.0,0.0,,0
6598,E64_I2_P97,,2.6265602192763256e-05,1.068140568832303e-05,9.600743481575212e-06,,10
6599,E64_I2_P98,,0.0,0.0,0.0,,0
6600,E64_I2_P99,,0.0,0.0,0.0,,0
6601,E65_I2_P0,,0.0,0.0,0.0,,0
6602,E65_I2_P1,,0.0,0.0,0.0,,0
6603,E65_I2_P2,,0.0,0.0,0.0,,0
6604,E65_I2_P3,,2.8021117071933175e-06,1.1072515237895073e-06,1.029484434195355e-06,,1
6605,E65_I2_P4,,0.0,0.0,0.0,,0
6606,E65_I2_P5,,2.7492213113432124e-06,1.0834152290373105e-06,9.86810050166956e-07,,1
6607,E65_I2_P6,,0.0,0.0,0.0,,0
6608,E65_I2_P7,,0.0,0.0,0.0,,0
6609,E65_I2_P8,,2.9780104830833312e-06,1.1346597596673401e-06,1.0800162434443014e-06,,1
6610,E65_I2_P9,,0.0,0.0,0.0,,0
6611,E65_I2_P10,,0.0,0.0,0.0,,0
6612,E65_I2_P11,,0.0,0.0,0.0,,0
6613,E65_I2_P12,,0.0,0.0,0.0,,0
6614,E65_I2_P13,,0.0,0.0,0.0,,0
6615,E65_I2_P14,,0.0,0.0,0.0,,0
6616,E65_I2_P15,,0.0,0.0,0.0,,0
6617,E65_I2_P16,,7.626397169402398e-06,3.0925759404630117e-06,2.6903392607485777e-06,,3
6618,E65_I2_P17,,0.0,0.0,0.0,,0
6619,E65_I2_P18,,0.0,0.0,0.0,,0
6620,E65_I2_P19,,0.0,0.0,0.0,,0
6621,E65_I2_P20,,0.0,0.0,0.0,,0
6622,E65_I2_P21,,0.0,0.0,0.0,,0
6623,E65_I2_P22,,0.0,0.0,0.0,,0
6624,E65_I2_P23,,0.0,0.0,0.0,,0
6625,E65_I2_P24,,0.0,0.0,0.0,,0
6626,E65_I2_P25,,0.0,0.0,0.0,,0
6627,E65_I2_P26,,0.0,0.0,0.0,,0
6628,E65_I2_P27,,0.0,0.0,0.0,,0
6629,E65_I2_P28,,0.0,0.0,0.0,,0
6630,E65_I2_P29,,0.0,0.0,0.0,,0
6631,E65_I2_P30,,0.0,0.0,0.0,,0
6632,E65_I2_P31,,0.0,0.0,0.0,,0
6633,E65_I2_P32,,0.0,0.0,0.0,,0
6634,E65_I2_P33,,0.0,0.0,0.0,,0
6635,E65_I2_P34,,0.0,0.0,0.0,,0
6636,E65_I2_P35,,0.0,0.0,0.0,,0
6637,E65_I2_P36,,1.0543571130634833e-05,4.2137837742362985e-06,3.739189652166557e-06,,4
6638,E65_I2_P37,,0.0,0.0,0.0,,0
6639,E65_I2_P38,,0.0,0.0,0.0,,0
6640,E65_I2_P39,,3.0495830327082045e-06,1.1713914764535731e-06,1.1502516175413372e-06,,1
6641,E65_I2_P40,,2.7451294312609204e-06,1.0839837639901601e-06,9.87814322517425e-07,,1
6642,E65_I2_P41,,2.639955844715827e-06,1.0378966014312716e-06,9.085179233551566e-07,,1
6643,E65_I2_P42,,0.0,0.0,0.0,,0
6644,E65_I2_P43,,0.0,0.0,0.0,,0
6645,E65_I2_P44,,3.2520757675591464e-06,1.193578828552168e-06,1.1941054180145132e-06,,1
6646,E65_I2_P45,,0.0,0.0,0.0,,0
6647,E65_I2_P46,,0.0,0.0,0.0,,0
6648,E65_I2_P47,,0.0,0.0,0.0,,0
6649,E65_I2_P48,,0.0,0.0,0.0,,0
6650,E65_I2_P49,,0.0,0.0,0.0,,0
6651,E65_I2_P50,,2.9725794018389144e-06,1.1408091144584036e-06,1.0915719727980264e-06,,1
6652,E65_I2_P51,,0.0,0.0,0.0,,0
6653,E65_I2_P52,,0.0,0.0,0.0,,0
6654,E65_I2_P53,,0.0,0.0,0.0,,0
6655,E65_I2_P54,,0.0,0.0,0.0,,0
6656,E65_I2_P55,,0.0,0.0,0.0,,0
6657,E65_I2_P56,,0.0,0.0,0.0,,0
6658,E65_I2_P57,,5.244188016031795e-06,2.1061561921530175e-06,1.8683403882644868e-06,,2
6659,E65_I2_P58,,0.0,0.0,0.0,,0
6660,E65_I2_P59,,0.0,0.0,0.0,,0
6661,E65_I2_P60,,7.349639369780123e-06,2.980907207165868e-06,2.508879342138385e-06,,3
6662,E65_I2_P61,,0.0,0.0,0.0,,0
6663,E65_I2_P62,,0.0,0.0,0.0,,0
6664,E65_I2_P63,,0.0,0.0,0.0,,0
6665,E65_I2_P64,,0.0,0.0,0.0,,0
6666,E65_I2_P65,,0.0,0.0,0.0,,0
6667,E65_I2_P66,,0.0,0.0,0.0,,0
6668,E65_I2_P67,,5.287860769016443e-06,2.1089193531371753e-06,1.8730546571396866e-06,,2
6669,E65_I2_P68,,0.0,0.0,0.0,,0
6670,E65_I2_P69,,0.0,0.0,0.0,,0
6671,E65_I2_P70,,4.855308978609942e-06,2.0054002022443076e-06,1.7015556472504989e-06,,2
6672,E65_I2_P71,,0.0,0.0,0.0,,0
6673,E65_I2_P72,,0.0,0.0,0.0,,0
6674,E65_I2_P73,,0.0,0.0,0.0,,0
6675,E65_I2_P74,,3.0790237112949032e-06,1.1601585679731315e-06,1.1284627938763967e-06,,1
6676,E65_I2_P75,,1.0379555085568828e-05,4.204843048909899e-06,3.72396136390085e-06,,4
6677,E65_I2_P76,,2.3627444441327556e-06,9.753797599300974e-07,8.075913587724612e-07,,1
6678,E65_I2_P77,,2.4172617790063287e-06,9.87326881191238e-07,8.263035558320918e-07,,1
6679,E65_I2_P78,,0.0,0.0,0.0,,0
6680,E65_I2_P79,,0.0,0.0,0.0,,0
6681,E65_I2_P80,,1.1837371185890225e-05,4.604298610835953e-06,4.4441728561032384e-06,,4
6682,E65_I2_P81,,0.0,0.0,0.0,,0
6683,E65_I2_P82,,0.0,0.0,0.0,,0
6684,E65_I2_P83,,6.136079502247476e-06,2.325593603328604e-06,2.2671110204266704e-06,,2
6685,E65_I2_P84,,0.0,0.0,0.0,,0
6686,E65_I2_P85,,3.0098828464704302e-06,1.1334549180378016e-06,1.0777615754287606e-06,,1
6687,E65_I2_P86,,0.0,0.0,0.0,,0
6688,E65_I2_P87,,0.0,0.0,0.0,,0
6689,E65_I2_P88,,0.0,0.0,0.0,,0
6690,E65_I2_P89,,0.0,0.0,0.0,,0
6691,E65_I2_P90,,0.0,0.0,0.0,,0
6692,E65_I2_P91,,0.0,0.0,0.0,,0
6693,E65_I2_P92,,2.7285823401507057e-06,1.0843626240587715e-06,9.884839152661703e-07,,1
6694,E65_I2_P93,,0.0,0.0,0.0,,0
6695,E65_I2_P94,,0.0,0.0,0.0,,0
6696,E65_I2_P95,,5.5972857141450555e-06,2.1945716152069083e-06,2.0230005042328757e-06,,2
6697,E65_I2_P96,,0.0,0.0,0.0,,0
6698,E65_I2_P97,,0.0,0.0,0.0,,0
6699,E65_I2_P98,,0.0,0.0,0.0,,0
6700,E65_I2_P99,,0.0,0.0,0.0,,0
6701,E66_I2_P0,,0.0,0.0,0.0,,0
6702,E66_I2_P1,,0.0,0.0,0.0,,0
6703,E66_I2_P2,,2.7917111644181363e-06,1.0883953237441596e-06,9.95629435684703e-07,,1
6704,E66_I2_P3,,0.0,0.0,0.0,,0
6705,E66_I2_P4,,0.0,0.0,0.0,,0
6706,E66_I2_P5,,0.0,0.0,0.0,,0
6707,E66_I2_P6,,0.0,0.0,0.0,,0
6708,E66_I2_P7,,0.0,0.0,0.0,,0
6709,E66_I2_P8,,2.104115894677905e-05,8.11905152547314e-06,7.895272592745487e-06,,7
6710,E66_I2_P9,,0.0,0.0,0.0,,0
6711,E66_I2_P10,,0.0,0.0,0.0,,0
6712,E66_I2_P11,,0.0,0.0,0.0,,0
6713,E66_I2_P12,,0.0,0.0,0.0,,0
6714,E66_I2_P13,,0.0,0.0,0.0,,0
6715,E66_I2_P14,,0.0,0.0,0.0,,0
6716,E66_I2_P15,,0.0,0.0,0.0,,0
6717,E66_I2_P16,,0.0,0.0,0.0,,0
6718,E66_I2_P17,,0.0,0.0,0.0,,0
6719,E66_I2_P18,,5.992107583428188e-06,2.319952192001565e-06,2.2562222378904326e-06,,2
6720,E66_I2_P19,,2.196898851828899e-06,9.179606286712474e-07,7.213274155632161e-07,,1
6721,E66_I2_P20,,0.0,0.0,0.0,,0
6722,E66_I2_P21,,2.6667479276421566e-06,1.0544363053308552e-06,9.364874229739095e-07,,1
6723,E66_I2_P22,,0.0,0.0,0.0,,0
6724,E66_I2_P23,,0.0,0.0,0.0,,0
6725,E66_I2_P24,,0.0,0.0,0.0,,0
6726,E66_I2_P25,,0.0,0.0,0.0,,0
6727,E66_I2_P26,,7.830919249129585e-06,3.1383437578995586e-06,2.7670420389779374e-06,,3
6728,E66_I2_P27,,5.0746852415323e-06,2.0655662495922218e-06,1.799959680903148e-06,,2
6729,E66_I2_P28,,5.055462609925391e-06,2.047025175508083e-06,1.7692617313110673e-06,,2
6730,E66_I2_P29,,0.0,0.0,0.0,,0
6731,E66_I2_P30,,5.4699775222824395e-06,2.1953058038262205e-06,2.024318133740626e-06,,2
6732,E66_I2_P31,,0.0,0.0,0.0,,0
6733,E66_I2_P32,,1.1256841918267169e-05,4.47433072330541e-06,4.200735286202659e-06,,4
6734,E66_I2_P33,,5.599782158373294e-06,2.1845360989594455e-06,2.005045697497753e-06,,2
6735,E66_I2_P34,,0.0,0.0,0.0,,0
6736,E66_I2_P35,,0.0,0.0,0.0,,0
6737,E66_I2_P36,,2.906507366844706e-06,1.1298045467576915e-06,1.0709493216071522e-06,,1
6738,E66_I2_P37,,2.5412446338066874e-06,1.0144375620494566e-06,8.697671546350327e-07,,1
6739,E66_I2_P38,,0.0,0.0,0.0,,0
6740,E66_I2_P39,,0.0,0.0,0.0,,0
6741,E66_I2_P40,,3.267145343885931e-05,1.3582660526225041e-05,1.1962080205747781e-05,,13
6742,E66_I2_P41,,2.6906589088624463e-06,1.068264911794542e-06,9.602900844287043e-07,,1
6743,E66_I2_P42,,0.0,0.0,0.0,,0
6744,E66_I2_P43,,0.0,0.0,0.0,,0
6745,E66_I2_P44,,0.0,0.0,0.0,,0
6746,E66_I2_P45,,0.0,0.0,0.0,,0
6747,E66_I2_P46,,0.0,0.0,0.0,,0
6748,E66_I2_P47,,0.0,0.0,0.0,,0
6749,E66_I2_P48,,0.0,0.0,0.0,,0
6750,E66_I2_P49,,0.0,0.0,0.0,,0
6751,E66_I2_P50,,2.841542927487063e-06,1.107908690404333e-06,1.030677603530277e-06,,1
6752,E66_I2_P51,,2.1965912142969067e-05,9.136082755245448e-06,7.837918806128208e-06,,9
6753,E66_I2_P52,,0.0,0.0,0.0,,0
6754,E66_I2_P53,,0.0,0.0,0.0,,0
6755,E66_I2_P54,,0.0,0.0,0.0,,0
6756,E66_I2_P55,,0.0,0.0,0.0,,0
6757,E66_I2_P56,,0.0,0.0,0.0,,0
6758,E66_I2_P57,,0.0,0.0,0.0,,0
6759,E66_I2_P58,,0.0,0.0,0.0,,0
6760,E66_I2_P59,,0.0,0.0,0.0,,0
6761,E66_I2_P60,,9.988262171633691e-06,4.062629483283168e-06,3.487023152308159e-06,,4
6762,E66_I2_P61,,0.0,0.0,0.0,,0
6763,E66_I2_P62,,0.0,0.0,0.0,,0
6764,E66_I2_P63,,2.1310499602333913e-05,8.64622654278754e-06,7.857286147383536e-06,,8
6765,E66_I2_P64,,0.0,0.0,0.0,,0
6766,E66_I2_P65,,0.0,0.0,0.0,,0
6767,E66_I2_P66,,2.798726898495821e-06,1.1062809509515768e-06,1.027723879369882e-06,,1
6768,E66_I2_P67,,3.0362932003172926e-06,1.1466143535487823e-06,1.1025552821218457e-06,,1
6769,E66_I2_P68,,0.0,0.0,0.0,,0
6770,E66_I2_P69,,0.0,0.0,0.0,,0
6771,E66_I2_P70,,0.0,0.0,0.0,,0
6772,E66_I2_P71,,5.9151779687915905e-05,2.557966972421357e-05,2.294527456411149e-05,,24
6773,E66_I2_P72,,0.0,0.0,0.0,,0
6774,E66_I2_P73,,0.0,0.0,0.0,,0
6775,E66_I2_P74,,0.0,0.0,0.0,,0
6776,E66_I2_P75,,2.9841330658839512e-06,1.1477522598136628e-06,1.1047166429428768e-06,,1
6777,E66_I2_P76,,0.0,0.0,0.0,,0
6778,E66_I2_P77,,0.0,0.0,0.0,,0
6779,E66_I2_P78,,0.0,0.0,0.0,,0
6780,E66_I2_P79,,0.0,0.0,0.0,,0
6781,E66_I2_P80,,0.0,0.0,0.0,,0
6782,E66_I2_P81,,0.0,0.0,0.0,,0
6783,E66_I2_P82,,2.854309468614318e-06,1.1060329807189777e-06,1.0272743919241852e-06,,1
6784,E66_I2_P83,,0.0,0.0,0.0,,0
6785,E66_I2_P84,,0.0,0.0,0.0,,0
6786,E66_I2_P85,,0.0,0.0,0.0,,0
6787,E66_I2_P86,,0.0,0.0,0.0,,0
6788,E66_I2_P87,,0.0,0.0,0.0,,0
6789,E66_I2_P88,,0.0,0.0,0.0,,0
6790,E66_I2_P89,,0.0,0.0,0.0,,0
6791,E66_I2_P90,,0.0,0.0,0.0,,0
6792,E66_I2_P91,,0.0,0.0,0.0,,0
6793,E66_I2_P92,,0.0,0.0,0.0,,0
6794,E66_I2_P93,,0.0,0.0,0.0,,0
6795,E66_I2_P94,,0.0,0.0,0.0,,0
6796,E66_I2_P95,,0.0,0.0,0.0,,0
6797,E66_I2_P96,,0.0,0.0,0.0,,0
6798,E66_I2_P97,,4.855618947813247e-06,2.014508350224532e-06,1.7162284849306558e-06,,2
6799,E66_I2_P98,,2.6790377406143723e-06,1.0562298039244657e-06,9.395529231370545e-07,,1
6800,E66_I2_P99,,0.0,0.0,0.0,,0
6801,E67_I2_P0,,0.0,0.0,0.0,,0
6802,E67_I2_P1,,0.0,0.0,0.0,,0
6803,E67_I2_P2,,3.537337066179299e-05,1.4686615077397209e-05,1.2982328269298e-05,,14
6804,E67_I2_P3,,2.8002727874033446e-06,1.0979980426028628e-06,1.0127787356976654e-06,,1
6805,E67_I2_P4,,0.0,0.0,0.0,,0
6806,E67_I2_P5,,0.0,0.0,0.0,,0
6807,E67_I2_P6,,0.0,0.0,0.0,,0
6808,E67_I2_P7,,0.0,0.0,0.0,,0
6809,E67_I2_P8,,0.0,0.0,0.0,,0
6810,E67_I2_P9,,3.0211567613108074e-06,1.1598387556020312e-06,1.1278464730267058e-06,,1
6811,E67_I2_P10,,0.0,0.0,0.0,,0
6812,E67_I2_P11,,0.0,0.0,0.0,,0
6813,E67_I2_P12,,0.0,0.0,0.0,,0
6814,E67_I2_P13,,0.0,0.0,0.0,,0
6815,E67_I2_P14,,1.1303662251459455e-05,4.474244948126754e-06,4.200577579417171e-06,,4
6816,E67_I2_P15,,1.6954803638816606e-05,6.625502397818751e-06,6.144281555558002e-06,,6
6817,E67_I2_P16,,0.0,0.0,0.0,,0
6818,E67_I2_P17,,0.0,0.0,0.0,,0
6819,E67_I2_P18,,0.0,0.0,0.0,,0
6820,E67_I2_P19,,0.0,0.0,0.0,,0
6821,E67_I2_P20,,0.0,0.0,0.0,,0
6822,E67_I2_P21,,1.9981683599799516e-05,8.342536939485345e-06,7.33425836666983e-06,,8
6823,E67_I2_P22,,0.0,0.0,0.0,,0
6824,E67_I2_P23,,0.0,0.0,0.0,,0
6825,E67_I2_P24,,8.136593361007058e-06,3.211778895674677e-06,2.8930050994036553e-06,,3
6826,E67_I2_P25,,0.0,0.0,0.0,,0
6827,E67_I2_P26,,0.0,0.0,0.0,,0
6828,E67_I2_P27,,0.0,0.0,0.0,,0
6829,E67_I2_P28,,0.0,0.0,0.0,,0
6830,E67_I2_P29,,0.0,0.0,0.0,,0
6831,E67_I2_P30,,2.4649835023571114e-06,1.0111673571409145e-06,8.644499288989934e-07,,1
6832,E67_I2_P31,,0.0,0.0,0.0,,0
6833,E67_I2_P32,,0.0,0.0,0.0,,0
6834,E67_I2_P33,,0.0,0.0,0.0,,0
6835,E67_I2_P34,,0.0,0.0,0.0,,0
6836,E67_I2_P35,,1.397794321684181e-05,5.87629445110622e-06,4.8829843661082634e-06,,6
6837,E67_I2_P36,,0.0,0.0,0.0,,0
6838,E67_I2_P37,,0.0,0.0,0.0,,0
6839,E67_I2_P38,,0.0,0.0,0.0,,0
6840,E67_I2_P39,,0.0,0.0,0.0,,0
6841,E67_I2_P40,,0.0,0.0,0.0,,0
6842,E67_I2_P41,,2.9787689483788187e-06,1.1367987865567318e-06,1.0840267039138244e-06,,1
6843,E67_I2_P42,,0.0,0.0,0.0,,0
6844,E67_I2_P43,,0.0,0.0,0.0,,0
6845,E67_I2_P44,,0.0,0.0,0.0,,0
6846,E67_I2_P45,,0.0,0.0,0.0,,0
6847,E67_I2_P46,,0.0,0.0,0.0,,0
6848,E67_I2_P47,,0.0,0.0,0.0,,0
6849,E67_I2_P48,,0.0,0.0,0.0,,0
6850,E67_I2_P49,,0.0,0.0,0.0,,0
6851,E67_I2_P50,,0.0,0.0,0.0,,0
6852,E67_I2_P51,,3.1204620003312414e-06,1.1547406490226623e-06,1.1180517277812376e-06,,1
6853,E67_I2_P52,,0.0,0.0,0.0,,0
6854,E67_I2_P53,,0.0,0.0,0.0,,0
6855,E67_I2_P54,,0.0,0.0,0.0,,0
6856,E67_I2_P55,,2.4506611449984966e-06,1.0098884093802393e-06,8.623760011107403e-07,,1
6857,E67_I2_P56,,0.0,0.0,0.0,,0
6858,E67_I2_P57,,1.9921275611669227e-05,7.937606068593988e-06,7.550731477111846e-06,,7
6859,E67_I2_P58,,0.0,0.0,0.0,,0
6860,E67_I2_P59,,0.0,0.0,0.0,,0
6861,E67_I2_P60,,0.0,0.0,0.0,,0
6862,E67_I2_P61,,0.0,0.0,0.0,,0
6863,E67_I2_P62,,0.0,0.0,0.0,,0
6864,E67_I2_P63,,0.0,0.0,0.0,,0
6865,E67_I2_P64,,0.0,0.0,0.0,,0
6866,E67_I2_P65,,0.0,0.0,0.0,,0
6867,E67_I2_P66,,0.0,0.0,0.0,,0
6868,E67_I2_P67,,0.0,0.0,0.0,,0
6869,E67_I2_P68,,2.7025673770496796e-05,1.0905431832407247e-05,9.994488039846025e-06,,10
6870,E67_I2_P69,,0.0,0.0,0.0,,0
6871,E67_I2_P70,,2.9979788394835808e-06,1.1459072757221e-06,1.101213647560977e-06,,1
6872,E67_I2_P71,,2.337659888060153e-06,9.676694001094217e-07,7.956565111058732e-07,,1
6873,E67_I2_P72,,0.0,0.0,0.0,,0
6874,E67_I2_P73,,0.0,0.0,0.0,,0
6875,E67_I2_P74,,3.0217710506528365e-06,1.171006146504485e-06,1.149499608451696e-06,,1
6876,E67_I2_P75,,0.0,0.0,0.0,,0
6877,E67_I2_P76,,0.0,0.0,0.0,,0
6878,E67_I2_P77,,0.0,0.0,0.0,,0
6879,E67_I2_P78,,0.0,0.0,0.0,,0
6880,E67_I2_P79,,0.0,0.0,0.0,,0
6881,E67_I2_P80,,0.0,0.0,0.0,,0
6882,E67_I2_P81,,0.0,0.0,0.0,,0
6883,E67_I2_P82,,1.0593181606816464e-05,4.241652410578254e-06,3.7869123362929633e-06,,4
6884,E67_I2_P83,,0.0,0.0,0.0,,0
6885,E67_I2_P84,,0.0,0.0,0.0,,0
6886,E67_I2_P85,,2.75232569912713e-06,1.0790031129103692e-06,9.79038779726065e-07,,1
6887,E67_I2_P86,,9.766334032486624e-06,3.983280071191868e-06,3.3590771607316327e-06,,4
6888,E67_I2_P87,,0.0,0.0,0.0,,0
6889,E67_I2_P88,,0.0,0.0,0.0,,0
6890,E67_I2_P89,,0.0,0.0,0.0,,0
6891,E67_I2_P90,,0.0,0.0,0.0,,0
6892,E67_I2_P91,,0.0,0.0,0.0,,0
6893,E67_I2_P92,,0.0,0.0,0.0,,0
6894,E67_I2_P93,,0.0,0.0,0.0,,0
6895,E67_I2_P94,,0.0,0.0,0.0,,0
6896,E67_I2_P95,,0.0,0.0,0.0,,0
6897,E67_I2_P96,,5.319281304614014e-06,2.1043182298320352e-06,1.865208819453382e-06,,2
6898,E67_I2_P97,,0.0,0.0,0.0,,0
6899,E67_I2_P98,,3.688000484631594e-05,1.4852988233136897e-05,1.4232849416453175e-05,,13
6900,E67_I2_P99,,2.7758029759749646e-06,1.083886860399366e-06,9.876431033129008e-07,,1
6901,E68_I2_P0,,0.0,0.0,0.0,,0
6902,E68_I2_P1,,0.0,0.0,0.0,,0
6903,E68_I2_P2,,0.0,0.0,0.0,,0
6904,E68_I2_P3,,0.0,0.0,0.0,,0
6905,E68_I2_P4,,0.0,0.0,0.0,,0
6906,E68_I2_P5,,0.0,0.0,0.0,,0
6907,E68_I2_P6,,0.0,0.0,0.0,,0
6908,E68_I2_P7,,0.0,0.0,0.0,,0
6909,E68_I2_P8,,0.0,0.0,0.0,,0
6910,E68_I2_P9,,0.0,0.0,0.0,,0
6911,E68_I2_P10,,0.0,0.0,0.0,,0
6912,E68_I2_P11,,0.0,0.0,0.0,,0
6913,E68_I2_P12,,6.534473538739619e-05,2.7401373939459852e-05,2.623915072615483e-05,,24
6914,E68_I2_P13,,0.0,0.0,0.0,,0
6915,E68_I2_P14,,0.0,0.0,0.0,,0
6916,E68_I2_P15,,0.0,0.0,0.0,,0
6917,E68_I2_P16,,3.1405341137535195e-06,1.1846694541165575e-06,1.1763647154109072e-06,,1
6918,E68_I2_P17,,0.0,0.0,0.0,,0
6919,E68_I2_P18,,0.0,0.0,0.0,,0
6920,E68_I2_P19,,0.0,0.0,0.0,,0
6921,E68_I2_P20,,0.0,0.0,0.0,,0
6922,E68_I2_P21,,6.394289421103525e-05,2.6712777026840868e-05,2.6010831815092392e-05,,23
6923,E68_I2_P22,,0.0,0.0,0.0,,0
6924,E68_I2_P23,,0.0,0.0,0.0,,0
6925,E68_I2_P24,,0.0,0.0,0.0,,0
6926,E68_I2_P25,,0.0,0.0,0.0,,0
6927,E68_I2_P26,,0.0,0.0,0.0,,0
6928,E68_I2_P27,,1.8062646608925038e-05,6.9895654626052536e-06,6.826078349727299e-06,,6
6929,E68_I2_P28,,0.0,0.0,0.0,,0
6930,E68_I2_P29,,8.6189945037225e-05,3.96399970015165e-05,3.48595389917704e-05,,38
6931,E68_I2_P30,,0.0,0.0,0.0,,0
6932,E68_I2_P31,,0.0,0.0,0.0,,0
6933,E68_I2_P32,,0.0,0.0,0.0,,0
6934,E68_I2_P33,,0.0,0.0,0.0,,0
6935,E68_I2_P34,,0.0,0.0,0.0,,0
6936,E68_I2_P35,,0.0,0.0,0.0,,0
6937,E68_I2_P36,,1.2209816037409036e-05,4.722283108521335e-06,4.673050053039119e-06,,4
6938,E68_I2_P37,,0.0,0.0,0.0,,0
6939,E68_I2_P38,,0.0,0.0,0.0,,0
6940,E68_I2_P39,,0.0,0.0,0.0,,0
6941,E68_I2_P40,,0.0,0.0,0.0,,0
6942,E68_I2_P41,,2.7221241902862523e-06,1.0773609125154512e-06,9.76156403683624e-07,,1
6943,E68_I2_P42,,0.0,0.0,0.0,,0
6944,E68_I2_P43,,2.2923568483086127e-05,9.128970936840838e-06,8.737287247055534e-06,,8
6945,E68_I2_P44,,0.0,0.0,0.0,,0
6946,E68_I2_P45,,0.0,0.0,0.0,,0
6947,E68_I2_P46,,0.0,0.0,0.0,,0
6948,E68_I2_P47,,0.0,0.0,0.0,,0
6949,E68_I2_P48,,0.0,0.0,0.0,,0
6950,E68_I2_P49,,0.0,0.0,0.0,,0
6951,E68_I2_P50,,0.0,0.0,0.0,,0
6952,E68_I2_P51,,0.0,0.0,0.0,,0
6953,E68_I2_P52,,0.0,0.0,0.0,,0
6954,E68_I2_P53,,0.0,0.0,0.0,,0
6955,E68_I2_P54,,6.275244200923043e-06,2.3551701909343383e-06,2.324767726644512e-06,,2
6956,E68_I2_P55,,0.0,0.0,0.0,,0
6957,E68_I2_P56,,0.0,0.0,0.0,,0
6958,E68_I2_P57,,5.486373020868812e-06,2.1628933350221407e-06,1.9666756642078305e-06,,2
6959,E68_I2_P58,,0.0,0.0,0.0,,0
6960,E68_I2_P59,,0.0,0.0,0.0,,0
6961,E68_I2_P60,,2.4547741584332733e-06,9.970372977540197e-07,8.41710456653174e-07,,1
6962,E68_I2_P61,,0.0,0.0,0.0,,0
6963,E68_I2_P62,,2.9821708854364593e-06,1.1509148642277614e-06,1.1107383966713392e-06,,1
6964,E68_I2_P63,,0.0,0.0,0.0,,0
6965,E68_I2_P64,,0.0,0.0,0.0,,0
6966,E68_I2_P65,,0.0,0.0,0.0,,0
6967,E68_I2_P66,,0.0,0.0,0.0,,0
6968,E68_I2_P67,,0.0,0.0,0.0,,0
6969,E68_I2_P68,,0.0,0.0,0.0,,0
6970,E68_I2_P69,,0.0,0.0,0.0,,0
6971,E68_I2_P70,,2.7397108063393204e-06,1.0754017155508853e-06,9.727247967005174e-07,,1
6972,E68_I2_P71,,1.6696040925744768e-05,6.594077096499406e-06,6.087612925219763e-06,,6
6973,E68_I2_P72,,0.0,0.0,0.0,,0
6974,E68_I2_P73,,0.0,0.0,0.0,,0
6975,E68_I2_P74,,0.0,0.0,0.0,,0
6976,E68_I2_P75,,1.009468414043365e-05,4.100836325808007e-06,3.549708790765078e-06,,4
6977,E68_I2_P76,,0.0,0.0,0.0,,0
6978,E68_I2_P77,,0.0,0.0,0.0,,0
6979,E68_I2_P78,,0.0,0.0,0.0,,0
6980,E68_I2_P79,,0.0,0.0,0.0,,0
6981,E68_I2_P80,,2.8034313968630343e-06,1.104169381675195e-06,1.0239003949695774e-06,,1
6982,E68_I2_P81,,0.0,0.0,0.0,,0
6983,E68_I2_P82,,0.0,0.0,0.0,,0
6984,E68_I2_P83,,0.0,0.0,0.0,,0
6985,E68_I2_P84,,2.8301537933262924e-06,1.1010723299118261e-06,1.0183091994053075e-06,,1
6986,E68_I2_P85,,0.0,0.0,0.0,,0
6987,E68_I2_P86,,0.0,0.0,0.0,,0
6988,E68_I2_P87,,0.0,0.0,0.0,,0
6989,E68_I2_P88,,0.0,0.0,0.0,,0
6990,E68_I2_P89,,0.0,0.0,0.0,,0
6991,E68_I2_P90,,0.0,0.0,0.0,,0
6992,E68_I2_P91,,0.0,0.0,0.0,,0
6993,E68_I2_P92,,0.0,0.0,0.0,,0
6994,E68_I2_P93,,0.0,0.0,0.0,,0
6995,E68_I2_P94,,0.0,0.0,0.0,,0
6996,E68_I2_P95,,2.213637738505568e-06,9.246778358756487e-07,7.311106594471926e-07,,1
6997,E68_I2_P96,,0.0,0.0,0.0,,0
6998,E68_I2_P97,,0.0,0.0,0.0,,0
6999,E68_I2_P98,,0.0,0.0,0.0,,0
7000,E68_I2_P99,,0.0,0.0,0.0,,0
7001,E69_I2_P0,,0.0,0.0,0.0,,0
7002,E69_I2_P1,,0.0,0.0,0.0,,0
7003,E69_I2_P2,,0.0,0.0,0.0,,0
7004,E69_I2_P3,,0.0,0.0,0.0,,0
7005,E69_I2_P4,,0.0,0.0,0.0,,0
7006,E69_I2_P5,,0.0,0.0,0.0,,0
7007,E69_I2_P6,,0.0,0.0,0.0,,0
7008,E69_I2_P7,,0.0,0.0,0.0,,0
7009,E69_I2_P8,,0.0,0.0,0.0,,0
7010,E69_I2_P9,,2.6256565641576736e-06,1.0526773418399045e-06,9.334871720192822e-07,,1
7011,E69_I2_P10,,0.0,0.0,0.0,,0
7012,E69_I2_P11,,5.228919910893365e-06,2.081535434278224e-06,1.8266687703802007e-06,,2
7013,E69_I2_P12,,0.0,0.0,0.0,,0
7014,E69_I2_P13,,0.0,0.0,0.0,,0
7015,E69_I2_P14,,0.0,0.0,0.0,,0
7016,E69_I2_P15,,0.0,0.0,0.0,,0
7017,E69_I2_P16,,0.0,0.0,0.0,,0
7018,E69_I2_P17,,1.3858951836498857e-05,5.109278364870597e-06,5.478851632697787e-06,,4
7019,E69_I2_P18,,0.0,0.0,0.0,,0
7020,E69_I2_P19,,0.0,0.0,0.0,,0
7021,E69_I2_P20,,0.0,0.0,0.0,,0
7022,E69_I2_P21,,0.0,0.0,0.0,,0
7023,E69_I2_P22,,0.0,0.0,0.0,,0
7024,E69_I2_P23,,7.229491944806491e-06,2.973022905464527e-06,2.49636778487301e-06,,3
7025,E69_I2_P24,,0.0,0.0,0.0,,0
7026,E69_I2_P25,,0.0,0.0,0.0,,0
7027,E69_I2_P26,,0.0,0.0,0.0,,0
7028,E69_I2_P27,,0.0,0.0,0.0,,0
7029,E69_I2_P28,,0.0,0.0,0.0,,0
7030,E69_I2_P29,,0.0,0.0,0.0,,0
7031,E69_I2_P30,,2.730425816129225e-06,1.0673763478789767e-06,9.58749100873109e-07,,1
7032,E69_I2_P31,,0.0,0.0,0.0,,0
7033,E69_I2_P32,,2.6431599022880115e-06,1.0644072935809623e-06,9.536115654010652e-07,,1
7034,E69_I2_P33,,0.0,0.0,0.0,,0
7035,E69_I2_P34,,0.0,0.0,0.0,,0
7036,E69_I2_P35,,0.0,0.0,0.0,,0
7037,E69_I2_P36,,0.0,0.0,0.0,,0
7038,E69_I2_P37,,0.0,0.0,0.0,,0
7039,E69_I2_P38,,0.0,0.0,0.0,,0
7040,E69_I2_P39,,0.0,0.0,0.0,,0
7041,E69_I2_P40,,0.0,0.0,0.0,,0
7042,E69_I2_P41,,0.0,0.0,0.0,,0
7043,E69_I2_P42,,0.0,0.0,0.0,,0
7044,E69_I2_P43,,0.0,0.0,0.0,,0
7045,E69_I2_P44,,1.3292620921644317e-05,5.2910662277131454e-06,4.714752744221835e-06,,5
7046,E69_I2_P45,,2.816428963330464e-06,1.1025898386148903e-06,1.0210463172135646e-06,,1
7047,E69_I2_P46,,0.0,0.0,0.0,,0
7048,E69_I2_P47,,0.0,0.0,0.0,,0
7049,E69_I2_P48,,0.0,0.0,0.0,,0
7050,E69_I2_P49,,0.0,0.0,0.0,,0
7051,E69_I2_P50,,0.0,0.0,0.0,,0
7052,E69_I2_P51,,0.0,0.0,0.0,,0
7053,E69_I2_P52,,0.0,0.0,0.0,,0
7054,E69_I2_P53,,2.472494113170147e-06,9.94142332755891e-07,8.370985327755467e-07,,1
7055,E69_I2_P54,,0.0,0.0,0.0,,0
7056,E69_I2_P55,,0.0,0.0,0.0,,0
7057,E69_I2_P56,,0.0,0.0,0.0,,0
7058,E69_I2_P57,,0.0,0.0,0.0,,0
7059,E69_I2_P58,,0.0,0.0,0.0,,0
7060,E69_I2_P59,,0.0,0.0,0.0,,0
7061,E69_I2_P60,,0.0,0.0,0.0,,0
7062,E69_I2_P61,,0.0,0.0,0.0,,0
7063,E69_I2_P62,,6.095859729360745e-06,2.3185453647019516e-06,2.253512239670041e-06,,2
7064,E69_I2_P63,,7.812757161432807e-06,3.137985722527378e-06,2.7664366681958915e-06,,3
7065,E69_I2_P64,,0.0,0.0,0.0,,0
7066,E69_I2_P65,,0.0,0.0,0.0,,0
7067,E69_I2_P66,,0.0,0.0,0.0,,0
7068,E69_I2_P67,,0.0,0.0,0.0,,0
7069,E69_I2_P68,,0.0,0.0,0.0,,0
7070,E69_I2_P69,,0.0,0.0,0.0,,0
7071,E69_I2_P70,,0.0,0.0,0.0,,0
7072,E69_I2_P71,,0.0,0.0,0.0,,0
7073,E69_I2_P72,,0.0,0.0,0.0,,0
7074,E69_I2_P73,,0.0,0.0,0.0,,0
7075,E69_I2_P74,,0.0,0.0,0.0,,0
7076,E69_I2_P75,,0.0,0.0,0.0,,0
7077,E69_I2_P76,,0.0,0.0,0.0,,0
7078,E69_I2_P77,,0.0,0.0,0.0,,0
7079,E69_I2_P78,,0.0,0.0,0.0,,0
7080,E69_I2_P79,,0.0,0.0,0.0,,0
7081,E69_I2_P80,,0.0,0.0,0.0,,0
7082,E69_I2_P81,,9.022851598122679e-06,3.443951875740445e-06,3.3154712320705533e-06,,3
7083,E69_I2_P82,,0.0,0.0,0.0,,0
7084,E69_I2_P83,,0.0,0.0,0.0,,0
7085,E69_I2_P84,,0.0,0.0,0.0,,0
7086,E69_I2_P85,,0.0,0.0,0.0,,0
7087,E69_I2_P86,,0.0,0.0,0.0,,0
7088,E69_I2_P87,,0.0,0.0,0.0,,0
7089,E69_I2_P88,,0.0,0.0,0.0,,0
7090,E69_I2_P89,,2.8429566413908056e-06,1.1046783587489102e-06,1.0248211687060609e-06,,1
7091,E69_I2_P90,,0.0,0.0,0.0,,0
7092,E69_I2_P91,,0.0,0.0,0.0,,0
7093,E69_I2_P92,,0.0,0.0,0.0,,0
7094,E69_I2_P93,,0.0,0.0,0.0,,0
7095,E69_I2_P94,,0.0,0.0,0.0,,0
7096,E69_I2_P95,,3.1268577919484194e-06,1.1925402830549334e-06,1.1920283106723785e-06,,1
7097,E69_I2_P96,,0.0,0.0,0.0,,0
7098,E69_I2_P97,,5.22096980722335e-06,2.0927002216287082e-06,1.845491314771843e-06,,2
7099,E69_I2_P98,,0.0,0.0,0.0,,0
7100,E69_I2_P99,,3.0916678044929195e-06,1.1655618780793254e-06,1.1389093576209552e-06,,1
7101,E70_I2_P0,,0.0,0.0,0.0,,0
7102,E70_I2_P1,,2.6328658774998994e-06,1.0411470404465605e-06,9.139719346638024e-07,,1
7103,E70_I2_P2,,0.0,0.0,0.0,,0
7104,E70_I2_P3,,0.0,0.0,0.0,,0
7105,E70_I2_P4,,0.0,0.0,0.0,,0
7106,E70_I2_P5,,0.0,0.0,0.0,,0
7107,E70_I2_P6,,0.0,0.0,0.0,,0
7108,E70_I2_P7,,0.0,0.0,0.0,,0
7109,E70_I2_P8,,0.0,0.0,0.0,,0
7110,E70_I2_P9,,0.0,0.0,0.0,,0
7111,E70_I2_P10,,0.0,0.0,0.0,,0
7112,E70_I2_P11,,2.8380438299906214e-06,1.112272687394355e-06,1.03862382343395e-06,,1
7113,E70_I2_P12,,2.6093520853654232e-06,1.0445560954012846e-06,9.197144470584774e-07,,1
7114,E70_I2_P13,,0.0,0.0,0.0,,0
7115,E70_I2_P14,,0.0,0.0,0.0,,0
7116,E70_I2_P15,,0.0,0.0,0.0,,0
7117,E70_I2_P16,,0.0,0.0,0.0,,0
7118,E70_I2_P17,,2.77228793482147e-06,1.0774244963178213e-06,9.76267903533016e-07,,1
7119,E70_I2_P18,,0.0,0.0,0.0,,0
7120,E70_I2_P19,,0.0,0.0,0.0,,0
7121,E70_I2_P20,,0.0,0.0,0.0,,0
7122,E70_I2_P21,,0.0,0.0,0.0,,0
7123,E70_I2_P22,,0.0,0.0,0.0,,0
7124,E70_I2_P23,,0.0,0.0,0.0,,0
7125,E70_I2_P24,,0.0,0.0,0.0,,0
7126,E70_I2_P25,,2.6091983904465073e-06,1.0394437250799833e-06,9.111112983951003e-07,,1
7127,E70_I2_P26,,0.0,0.0,0.0,,0
7128,E70_I2_P27,,0.0,0.0,0.0,,0
7129,E70_I2_P28,,0.0,0.0,0.0,,0
7130,E70_I2_P29,,0.0,0.0,0.0,,0
7131,E70_I2_P30,,8.24532691120847e-06,3.2586673631709136e-06,2.975325624595232e-06,,3
7132,E70_I2_P31,,0.0,0.0,0.0,,0
7133,E70_I2_P32,,0.0,0.0,0.0,,0
7134,E70_I2_P33,,0.0,0.0,0.0,,0
7135,E70_I2_P34,,0.0,0.0,0.0,,0
7136,E70_I2_P35,,0.0,0.0,0.0,,0
7137,E70_I2_P36,,0.0,0.0,0.0,,0
7138,E70_I2_P37,,0.0,0.0,0.0,,0
7139,E70_I2_P38,,0.0,0.0,0.0,,0
7140,E70_I2_P39,,1.932090852511526e-05,7.729502193502969e-06,7.167875221628142e-06,,7
7141,E70_I2_P40,,0.0,0.0,0.0,,0
7142,E70_I2_P41,,2.9463935734259645e-05,1.1537916227921163e-05,1.1162346280538783e-05,,10
7143,E70_I2_P42,,0.0,0.0,0.0,,0
7144,E70_I2_P43,,0.0,0.0,0.0,,0
7145,E70_I2_P44,,0.0,0.0,0.0,,0
7146,E70_I2_P45,,0.0,0.0,0.0,,0
7147,E70_I2_P46,,0.0,0.0,0.0,,0
7148,E70_I2_P47,,0.0,0.0,0.0,,0
7149,E70_I2_P48,,0.0,0.0,0.0,,0
7150,E70_I2_P49,,0.0,0.0,0.0,,0
7151,E70_I2_P50,,0.0,0.0,0.0,,0
7152,E70_I2_P51,,0.0,0.0,0.0,,0
7153,E70_I2_P52,,0.0,0.0,0.0,,0
7154,E70_I2_P53,,0.0,0.0,0.0,,0
7155,E70_I2_P54,,0.0,0.0,0.0,,0
7156,E70_I2_P55,,0.0,0.0,0.0,,0
7157,E70_I2_P56,,0.0,0.0,0.0,,0
7158,E70_I2_P57,,0.0,0.0,0.0,,0
7159,E70_I2_P58,,0.0,0.0,0.0,,0
7160,E70_I2_P59,,2.6493772820438043e-06,1.0612967420152294e-06,9.482481707700131e-07,,1
7161,E70_I2_P60,,0.0,0.0,0.0,,0
7162,E70_I2_P61,,0.0,0.0,0.0,,0
7163,E70_I2_P62,,0.0,0.0,0.0,,0
7164,E70_I2_P63,,0.0,0.0,0.0,,0
7165,E70_I2_P64,,5.576998044662235e-06,2.1560509920711322e-06,1.954644430631624e-06,,2
7166,E70_I2_P65,,0.0,0.0,0.0,,0
7167,E70_I2_P66,,0.0,0.0,0.0,,0
7168,E70_I2_P67,,0.0,0.0,0.0,,0
7169,E70_I2_P68,,2.794001083677135e-06,1.0890434190564612e-06,9.967808960960579e-07,,1
7170,E70_I2_P69,,0.0,0.0,0.0,,0
7171,E70_I2_P70,,0.0,0.0,0.0,,0
7172,E70_I2_P71,,0.0,0.0,0.0,,0
7173,E70_I2_P72,,0.0,0.0,0.0,,0
7174,E70_I2_P73,,0.0,0.0,0.0,,0
7175,E70_I2_P74,,0.0,0.0,0.0,,0
7176,E70_I2_P75,,0.0,0.0,0.0,,0
7177,E70_I2_P76,,2.774438238469033e-06,1.079865769402997e-06,9.805551020488208e-07,,1
7178,E70_I2_P77,,0.0,0.0,0.0,,0
7179,E70_I2_P78,,0.0,0.0,0.0,,0
7180,E70_I2_P79,,0.0,0.0,0.0,,0
7181,E70_I2_P80,,0.0,0.0,0.0,,0
7182,E70_I2_P81,,0.0,0.0,0.0,,0
7183,E70_I2_P82,,0.0,0.0,0.0,,0
7184,E70_I2_P83,,0.0,0.0,0.0,,0
7185,E70_I2_P84,,2.6025547156053846e-06,1.0375027575718143e-06,9.078584911891198e-07,,1
7186,E70_I2_P85,,0.0,0.0,0.0,,0
7187,E70_I2_P86,,1.0945783698814348e-05,4.3576423120496105e-06,3.989734413354439e-06,,4
7188,E70_I2_P87,,0.0,0.0,0.0,,0
7189,E70_I2_P88,,2.3670780594102395e-06,9.751753559145022e-07,8.072735345462618e-07,,1
7190,E70_I2_P89,,0.0,0.0,0.0,,0
7191,E70_I2_P90,,0.0,0.0,0.0,,0
7192,E70_I2_P91,,0.0,0.0,0.0,,0
7193,E70_I2_P92,,2.7910349027741655e-06,1.100623752752102e-06,1.0175010175010176e-06,,1
7194,E70_I2_P93,,0.0,0.0,0.0,,0
7195,E70_I2_P94,,0.0,0.0,0.0,,0
7196,E70_I2_P95,,0.0,0.0,0.0,,0
7197,E70_I2_P96,,0.0,0.0,0.0,,0
7198,E70_I2_P97,,0.0,0.0,0.0,,0
7199,E70_I2_P98,,0.0,0.0,0.0,,0
7200,E70_I2_P99,,2.7736998305284175e-06,1.086877997711735e-06,9.92936990949131e-07,,1
7201,E71_I2_P0,,0.0,0.0,0.0,,0
7202,E71_I2_P1,,0.0,0.0,0.0,,0
7203,E71_I2_P2,,2.8755835784268224e-06,1.1193085103145537e-06,1.0515189059156088e-06,,1
7204,E71_I2_P3,,0.0,0.0,0.0,,0
7205,E71_I2_P4,,0.0,0.0,0.0,,0
7206,E71_I2_P5,,0.0,0.0,0.0,,0
7207,E71_I2_P6,,0.0,0.0,0.0,,0
7208,E71_I2_P7,,0.0,0.0,0.0,,0
7209,E71_I2_P8,,4.861263506576447e-06,2.022170110351961e-06,1.7286327487313457e-06,,2
7210,E71_I2_P9,,0.0,0.0,0.0,,0
7211,E71_I2_P10,,0.0,0.0,0.0,,0
7212,E71_I2_P11,,0.0,0.0,0.0,,0
7213,E71_I2_P12,,0.0,0.0,0.0,,0
7214,E71_I2_P13,,0.0,0.0,0.0,,0
7215,E71_I2_P14,,0.0,0.0,0.0,,0
7216,E71_I2_P15,,1.0890474161498452e-05,4.341616135813506e-06,3.961304001857851e-06,,4
7217,E71_I2_P16,,1.5151207694164704e-05,6.1812745266264306e-06,5.374240860487619e-06,,6
7218,E71_I2_P17,,2.6281206156146226e-06,1.0483675467635477e-06,9.261619685943108e-07,,1
7219,E71_I2_P18,,5.168606078497213e-06,2.0935809113010805e-06,1.8469812937734568e-06,,2
7220,E71_I2_P19,,0.0,0.0,0.0,,0
7221,E71_I2_P20,,0.0,0.0,0.0,,0
7222,E71_I2_P21,,0.0,0.0,0.0,,0
7223,E71_I2_P22,,4.2421272190507844e-05,1.7964691816580137e-05,1.598743575637029e-05,,17
7224,E71_I2_P23,,0.0,0.0,0.0,,0
7225,E71_I2_P24,,0.0,0.0,0.0,,0
7226,E71_I2_P25,,2.6890217352804807e-06,1.0519566562427935e-06,9.322596809341243e-07,,1
7227,E71_I2_P26,,2.4261712053533277e-06,9.9473420998118e-07,8.380401509226509e-07,,1
7228,E71_I2_P27,,0.0,0.0,0.0,,0
7229,E71_I2_P28,,0.0,0.0,0.0,,0
7230,E71_I2_P29,,0.0,0.0,0.0,,0
7231,E71_I2_P30,,0.0,0.0,0.0,,0
7232,E71_I2_P31,,0.0,0.0,0.0,,0
7233,E71_I2_P32,,0.0,0.0,0.0,,0
7234,E71_I2_P33,,0.0,0.0,0.0,,0
7235,E71_I2_P34,,0.0,0.0,0.0,,0
7236,E71_I2_P35,,2.770366628878593e-06,1.08414172971557e-06,9.880934736426067e-07,,1
7237,E71_I2_P36,,0.0,0.0,0.0,,0
7238,E71_I2_P37,,0.0,0.0,0.0,,0
7239,E71_I2_P38,,0.0,0.0,0.0,,0
7240,E71_I2_P39,,0.0,0.0,0.0,,0
7241,E71_I2_P40,,0.0,0.0,0.0,,0
7242,E71_I2_P41,,0.0,0.0,0.0,,0
7243,E71_I2_P42,,0.0,0.0,0.0,,0
7244,E71_I2_P43,,0.0,0.0,0.0,,0
7245,E71_I2_P44,,0.0,0.0,0.0,,0
7246,E71_I2_P45,,0.0,0.0,0.0,,0
7247,E71_I2_P46,,0.0,0.0,0.0,,0
7248,E71_I2_P47,,0.0,0.0,0.0,,0
7249,E71_I2_P48,,0.0,0.0,0.0,,0
7250,E71_I2_P49,,0.0,0.0,0.0,,0
7251,E71_I2_P50,,0.0,0.0,0.0,,0
7252,E71_I2_P51,,0.0,0.0,0.0,,0
7253,E71_I2_P52,,6.133151877955989e-06,2.3402313473875137e-06,2.2955260197874344e-06,,2
7254,E71_I2_P53,,0.0,0.0,0.0,,0
7255,E71_I2_P54,,0.0,0.0,0.0,,0
7256,E71_I2_P55,,0.0,0.0,0.0,,0
7257,E71_I2_P56,,0.0,0.0,0.0,,0
7258,E71_I2_P57,,0.0,0.0,0.0,,0
7259,E71_I2_P58,,0.0,0.0,0.0,,0
7260,E71_I2_P59,,0.0,0.0,0.0,,0
7261,E71_I2_P60,,3.477365894902061e-05,1.5086033993365332e-05,1.2834952141672204e-05,,15
7262,E71_I2_P61,,0.0,0.0,0.0,,0
7263,E71_I2_P62,,2.3325288552923605e-06,9.705851696005738e-07,8.001568307388248e-07,,1
7264,E71_I2_P63,,2.516527728198712e-06,1.0359966272977338e-06,9.053395113701589e-07,,1
7265,E71_I2_P64,,0.0,0.0,0.0,,0
7266,E71_I2_P65,,0.0,0.0,0.0,,0
7267,E71_I2_P66,,0.0,0.0,0.0,,0
7268,E71_I2_P67,,2.8285185487586345e-06,1.1077984578271963e-06,1.0304773995696726e-06,,1
7269,E71_I2_P68,,0.0,0.0,0.0,,0
7270,E71_I2_P69,,9.309109741470146e-05,4.218323882955082e-05,3.836219022531394e-05,,39
7271,E71_I2_P70,,0.0,0.0,0.0,,0
7272,E71_I2_P71,,3.941871079239843e-05,1.5909944421818046e-05,1.5166542174632984e-05,,14
7273,E71_I2_P72,,0.0,0.0,0.0,,0
7274,E71_I2_P73,,0.0,0.0,0.0,,0
7275,E71_I2_P74,,0.0,0.0,0.0,,0
7276,E71_I2_P75,,0.0,0.0,0.0,,0
7277,E71_I2_P76,,0.0,0.0,0.0,,0
7278,E71_I2_P77,,0.0,0.0,0.0,,0
7279,E71_I2_P78,,9.085478048413857e-06,3.4725636714685257e-06,3.370160765093897e-06,,3
7280,E71_I2_P79,,0.0,0.0,0.0,,0
7281,E71_I2_P80,,0.0,0.0,0.0,,0
7282,E71_I2_P81,,2.474463545800877e-06,1.0029388424233416e-06,8.511614417057616e-07,,1
7283,E71_I2_P82,,0.0,0.0,0.0,,0
7284,E71_I2_P83,,0.0,0.0,0.0,,0
7285,E71_I2_P84,,0.0,0.0,0.0,,0
7286,E71_I2_P85,,3.2889719914356816e-05,1.3335531744441146e-05,1.244206662726679e-05,,12
7287,E71_I2_P86,,0.0,0.0,0.0,,0
7288,E71_I2_P87,,1.587161307174264e-05,6.00232548762763e-06,6.0396959013113695e-06,,5
7289,E71_I2_P88,,0.0,0.0,0.0,,0
7290,E71_I2_P89,,2.6825081229230484e-06,1.057228712222304e-06,9.4126306679038e-07,,1
7291,E71_I2_P90,,2.7610865157503645e-06,1.070568646101364e-06,9.642927226274662e-07,,1
7292,E71_I2_P91,,0.0,0.0,0.0,,0
7293,E71_I2_P92,,0.0,0.0,0.0,,0
7294,E71_I2_P93,,0.0,0.0,0.0,,0
7295,E71_I2_P94,,0.0,0.0,0.0,,0
7296,E71_I2_P95,,0.0,0.0,0.0,,0
7297,E71_I2_P96,,2.587098168793769e-06,1.0312805995611454e-06,8.974807714744712e-07,,1
7298,E71_I2_P97,,0.0,0.0,0.0,,0
7299,E71_I2_P98,,0.0,0.0,0.0,,0
7300,E71_I2_P99,,0.0,0.0,0.0,,0
7301,E72_I2_P0,,0.0,0.0,0.0,,0
7302,E72_I2_P1,,0.0,0.0,0.0,,0
7303,E72_I2_P2,,0.0,0.0,0.0,,0
7304,E72_I2_P3,,9.497527340162174e-06,3.962139825846821e-06,3.325495555994798e-06,,4
7305,E72_I2_P4,,5.773423726037117e-06,2.24795977131708e-06,2.120275826682293e-06,,2
7306,E72_I2_P5,,0.0,0.0,0.0,,0
7307,E72_I2_P6,,0.0,0.0,0.0,,0
7308,E72_I2_P7,,0.0,0.0,0.0,,0
7309,E72_I2_P8,,0.0,0.0,0.0,,0
7310,E72_I2_P9,,3.5366510524381565e-05,1.4349795285456787e-05,1.33027370381456e-05,,13
7311,E72_I2_P10,,0.0,0.0,0.0,,0
7312,E72_I2_P11,,0.0,0.0,0.0,,0
7313,E72_I2_P12,,2.7894676721741053e-06,1.1036233899946097e-06,1.0229132569558102e-06,,1
7314,E72_I2_P13,,0.0,0.0,0.0,,0
7315,E72_I2_P14,,4.399171151200849e-06,1.8798872531537187e-06,1.5072907654323966e-06,,2
7316,E72_I2_P15,,0.0,0.0,0.0,,0
7317,E72_I2_P16,,0.0,0.0,0.0,,0
7318,E72_I2_P17,,0.0,0.0,0.0,,0
7319,E72_I2_P18,,0.0,0.0,0.0,,0
7320,E72_I2_P19,,0.0,0.0,0.0,,0
7321,E72_I2_P20,,3.077152411045346e-06,1.1845105879496184e-06,1.1760499774198405e-06,,1
7322,E72_I2_P21,,0.0,0.0,0.0,,0
7323,E72_I2_P22,,0.0,0.0,0.0,,0
7324,E72_I2_P23,,1.841901383417774e-05,7.476379693045293e-06,6.7194721182703895e-06,,7
7325,E72_I2_P24,,3.1241482221726047e-06,1.1682307471421662e-06,1.1440927630412275e-06,,1
7326,E72_I2_P25,,0.0,0.0,0.0,,0
7327,E72_I2_P26,,0.0,0.0,0.0,,0
7328,E72_I2_P27,,0.0,0.0,0.0,,0
7329,E72_I2_P28,,4.416327126823197e-05,1.8073927078667576e-05,1.7129703977303143e-05,,16
7330,E72_I2_P29,,0.0,0.0,0.0,,0
7331,E72_I2_P30,,5.641664014450668e-06,2.1999931043999263e-06,2.032743431189602e-06,,2
7332,E72_I2_P31,,0.0,0.0,0.0,,0
7333,E72_I2_P32,,2.0893786747331004e-05,8.472263938887683e-06,7.5548565214701935e-06,,8
7334,E72_I2_P33,,0.0,0.0,0.0,,0
7335,E72_I2_P34,,0.0,0.0,0.0,,0
7336,E72_I2_P35,,0.0,0.0,0.0,,0
7337,E72_I2_P36,,0.0,0.0,0.0,,0
7338,E72_I2_P37,,0.0,0.0,0.0,,0
7339,E72_I2_P38,,0.0,0.0,0.0,,0
7340,E72_I2_P39,,0.0,0.0,0.0,,0
7341,E72_I2_P40,,0.0,0.0,0.0,,0
7342,E72_I2_P41,,0.0,0.0,0.0,,0
7343,E72_I2_P42,,0.0,0.0,0.0,,0
7344,E72_I2_P43,,0.0,0.0,0.0,,0
7345,E72_I2_P44,,0.0,0.0,0.0,,0
7346,E72_I2_P45,,0.0,0.0,0.0,,0
7347,E72_I2_P46,,0.0,0.0,0.0,,0
7348,E72_I2_P47,,2.8001131238483496e-06,1.1032209414289213e-06,1.0221860368365182e-06,,1
7349,E72_I2_P48,,2.1116914038841966e-05,8.588902447212685e-06,7.756785975730956e-06,,8
7350,E72_I2_P49,,0.0,0.0,0.0,,0
7351,E72_I2_P50,,0.0,0.0,0.0,,0
7352,E72_I2_P51,,2.505570359113055e-06,1.0089379052861963e-06,8.608367074545447e-07,,1
7353,E72_I2_P52,,2.696769604952684e-06,1.0768102650026051e-06,9.751911374629428e-07,,1
7354,E72_I2_P53,,0.0,0.0,0.0,,0
7355,E72_I2_P54,,0.0,0.0,0.0,,0
7356,E72_I2_P55,,0.0,0.0,0.0,,0
7357,E72_I2_P56,,0.0,0.0,0.0,,0
7358,E72_I2_P57,,3.0161505147508416e-06,1.1528024352898314e-06,1.1143427049554821e-06,,1
7359,E72_I2_P58,,7.094263450057243e-05,3.1442298202970456e-05,2.7770063871146904e-05,,30
7360,E72_I2_P59,,0.0,0.0,0.0,,0
7361,E72_I2_P60,,0.0,0.0,0.0,,0
7362,E72_I2_P61,,2.617448981948521e-06,1.0519184992144496e-06,9.321947196296204e-07,,1
7363,E72_I2_P62,,7.98187663304675e-06,3.1824699176479443e-06,2.842300633927785e-06,,3
7364,E72_I2_P63,,0.0,0.0,0.0,,0
7365,E72_I2_P64,,3.101718805275925e-05,1.285011826632234e-05,1.157724531025088e-05,,12
7366,E72_I2_P65,,0.0,0.0,0.0,,0
7367,E72_I2_P66,,0.0,0.0,0.0,,0
7368,E72_I2_P67,,0.0,0.0,0.0,,0
7369,E72_I2_P68,,1.039756522764421e-05,4.216583788972191e-06,3.7439669482597812e-06,,4
7370,E72_I2_P69,,0.0,0.0,0.0,,0
7371,E72_I2_P70,,0.0,0.0,0.0,,0
7372,E72_I2_P71,,2.2353426055921144e-06,9.501127052334156e-07,7.68890535168957e-07,,1
7373,E72_I2_P72,,0.0,0.0,0.0,,0
7374,E72_I2_P73,,0.0,0.0,0.0,,0
7375,E72_I2_P74,,5.379798419464881e-06,2.128746151782338e-06,1.9071049193771396e-06,,2
7376,E72_I2_P75,,0.0,0.0,0.0,,0
7377,E72_I2_P76,,0.0,0.0,0.0,,0
7378,E72_I2_P77,,2.916702424464029e-06,1.1215739661265365e-06,1.0556930889051936e-06,,1
7379,E72_I2_P78,,0.0,0.0,0.0,,0
7380,E72_I2_P79,,0.0,0.0,0.0,,0
7381,E72_I2_P80,,0.0,0.0,0.0,,0
7382,E72_I2_P81,,0.0,0.0,0.0,,0
7383,E72_I2_P82,,0.0,0.0,0.0,,0
7384,E72_I2_P83,,8.426659521279752e-06,3.305238296878545e-06,3.058571647040832e-06,,3
7385,E72_I2_P84,,2.6065336893630892e-06,1.0352385382339838e-06,9.040733022633476e-07,,1
7386,E72_I2_P85,,0.0,0.0,0.0,,0
7387,E72_I2_P86,,2.352597367941455e-06,9.707386228705085e-07,8.003941140617641e-07,,1
7388,E72_I2_P87,,4.731898653759501e-06,1.946266651448238e-06,1.60820538551799e-06,,2
7389,E72_I2_P88,,0.0,0.0,0.0,,0
7390,E72_I2_P89,,0.0,0.0,0.0,,0
7391,E72_I2_P90,,0.0,0.0,0.0,,0
7392,E72_I2_P91,,0.0,0.0,0.0,,0
7393,E72_I2_P92,,0.0,0.0,0.0,,0
7394,E72_I2_P93,,0.0,0.0,0.0,,0
7395,E72_I2_P94,,0.0,0.0,0.0,,0
7396,E72_I2_P95,,0.0,0.0,0.0,,0
7397,E72_I2_P96,,2.6068294628558198e-06,1.040450009045905e-06,9.128006137671327e-07,,1
7398,E72_I2_P97,,0.0,0.0,0.0,,0
7399,E72_I2_P98,,8.988938168099902e-06,3.45169817080373e-06,3.3302195780278775e-06,,3
7400,E72_I2_P99,,2.549056053151005e-06,1.0411971057881325e-06,9.140561033925421e-07,,1
7401,E73_I2_P0,,0.0,0.0,0.0,,0
7402,E73_I2_P1,,0.0,0.0,0.0,,0
7403,E73_I2_P2,,0.0,0.0,0.0,,0
7404,E73_I2_P3,,5.442377029742408e-06,2.1537193038558574e-06,1.950555371878258e-06,,2
7405,E73_I2_P4,,0.0,0.0,0.0,,0
7406,E73_I2_P5,,0.0,0.0,0.0,,0
7407,E73_I2_P6,,0.0,0.0,0.0,,0
7408,E73_I2_P7,,2.862933349218864e-06,1.1121209864878325e-06,1.0383469309190384e-06,,1
7409,E73_I2_P8,,0.0,0.0,0.0,,0
7410,E73_I2_P9,,0.0,0.0,0.0,,0
7411,E73_I2_P10,,1.3451962265461303e-05,4.936901215915444e-06,5.109258295359835e-06,,4
7412,E73_I2_P11,,0.0,0.0,0.0,,0
7413,E73_I2_P12,,0.0,0.0,0.0,,0
7414,E73_I2_P13,,0.0,0.0,0.0,,0
7415,E73_I2_P14,,2.639468267965733e-06,1.0430571984484215e-06,9.171867497699008e-07,,1
7416,E73_I2_P15,,0.0,0.0,0.0,,0
7417,E73_I2_P16,,2.966955530306975e-06,1.1354662237950757e-06,1.0815271379493272e-06,,1
7418,E73_I2_P17,,0.0,0.0,0.0,,0
7419,E73_I2_P18,,2.865236132730796e-06,1.1053749611299445e-06,1.0260822410046577e-06,,1
7420,E73_I2_P19,,0.0,0.0,0.0,,0
7421,E73_I2_P20,,0.0,0.0,0.0,,0
7422,E73_I2_P21,,0.0,0.0,0.0,,0
7423,E73_I2_P22,,0.0,0.0,0.0,,0
7424,E73_I2_P23,,0.0,0.0,0.0,,0
7425,E73_I2_P24,,0.0,0.0,0.0,,0
7426,E73_I2_P25,,0.0,0.0,0.0,,0
7427,E73_I2_P26,,0.0,0.0,0.0,,0
7428,E73_I2_P27,,0.0,0.0,0.0,,0
7429,E73_I2_P28,,0.0,0.0,0.0,,0
7430,E73_I2_P29,,0.0,0.0,0.0,,0
7431,E73_I2_P30,,0.0,0.0,0.0,,0
7432,E73_I2_P31,,2.5112685277900677e-06,1.0235681959024047e-06,8.847224360301444e-07,,1
7433,E73_I2_P32,,0.0,0.0,0.0,,0
7434,E73_I2_P33,,0.0,0.0,0.0,,0
7435,E73_I2_P34,,0.0,0.0,0.0,,0
7436,E73_I2_P35,,0.0,0.0,0.0,,0
7437,E73_I2_P36,,0.0,0.0,0.0,,0
7438,E73_I2_P37,,2.599140059944313e-06,1.0313593719326628e-06,8.976116797231766e-07,,1
7439,E73_I2_P38,,0.0,0.0,0.0,,0
7440,E73_I2_P39,,0.0,0.0,0.0,,0
7441,E73_I2_P40,,3.2273148012648827e-06,1.2018051086645534e-06,1.210643493336013e-06,,1
7442,E73_I2_P41,,0.0,0.0,0.0,,0
7443,E73_I2_P42,,0.0,0.0,0.0,,0
7444,E73_I2_P43,,0.0,0.0,0.0,,0
7445,E73_I2_P44,,0.0,0.0,0.0,,0
7446,E73_I2_P45,,2.611380224801024e-06,1.0331754768143562e-06,9.006331451010061e-07,,1
7447,E73_I2_P46,,0.0,0.0,0.0,,0
7448,E73_I2_P47,,0.0,0.0,0.0,,0
7449,E73_I2_P48,,2.955908183500472e-06,1.1399310904549988e-06,1.08991706821028e-06,,1
7450,E73_I2_P49,,0.0,0.0,0.0,,0
7451,E73_I2_P50,,2.1197170158972118e-05,8.911598776884078e-06,7.477273761062471e-06,,9
7452,E73_I2_P51,,0.0,0.0,0.0,,0
7453,E73_I2_P52,,0.0,0.0,0.0,,0
7454,E73_I2_P53,,0.0,0.0,0.0,,0
7455,E73_I2_P54,,0.0,0.0,0.0,,0
7456,E73_I2_P55,,7.3081920339074145e-06,2.982826598803036e-06,2.511931149641809e-06,,3
7457,E73_I2_P56,,0.0,0.0,0.0,,0
7458,E73_I2_P57,,0.0,0.0,0.0,,0
7459,E73_I2_P58,,2.6974735246429494e-06,1.075336687037583e-06,9.726110302358023e-07,,1
7460,E73_I2_P59,,2.319792246799056e-05,9.397107734322941e-06,8.270853924313417e-06,,9
7461,E73_I2_P60,,0.0,0.0,0.0,,0
7462,E73_I2_P61,,0.0,0.0,0.0,,0
7463,E73_I2_P62,,4.784295745487132e-05,1.909155763123223e-05,1.909427499932872e-05,,16
7464,E73_I2_P63,,4.349764835981362e-05,1.7732502631624028e-05,1.650167569359895e-05,,16
7465,E73_I2_P64,,0.0,0.0,0.0,,0
7466,E73_I2_P65,,0.0,0.0,0.0,,0
7467,E73_I2_P66,,3.3067898305436574e-05,1.3870943258085082e-05,1.245516141889199e-05,,13
7468,E73_I2_P67,,0.0,0.0,0.0,,0
7469,E73_I2_P68,,0.0,0.0,0.0,,0
7470,E73_I2_P69,,0.0,0.0,0.0,,0
7471,E73_I2_P70,,0.0,0.0,0.0,,0
7472,E73_I2_P71,,0.0,0.0,0.0,,0
7473,E73_I2_P72,,0.0,0.0,0.0,,0
7474,E73_I2_P73,,0.0,0.0,0.0,,0
7475,E73_I2_P74,,0.0,0.0,0.0,,0
7476,E73_I2_P75,,1.5604786921462757e-05,6.3355283842202305e-06,5.63415197561539e-06,,6
7477,E73_I2_P76,,0.0,0.0,0.0,,0
7478,E73_I2_P77,,0.0,0.0,0.0,,0
7479,E73_I2_P78,,0.0,0.0,0.0,,0
7480,E73_I2_P79,,0.0,0.0,0.0,,0
7481,E73_I2_P80,,2.544281512909204e-06,1.0153289927999497e-06,8.712201568980382e-07,,1
7482,E73_I2_P81,,2.733570507689237e-06,1.0806590201820332e-06,9.819507630248406e-07,,1
7483,E73_I2_P82,,0.0,0.0,0.0,,0
7484,E73_I2_P83,,0.0,0.0,0.0,,0
7485,E73_I2_P84,,0.0,0.0,0.0,,0
7486,E73_I2_P85,,0.0,0.0,0.0,,0
7487,E73_I2_P86,,0.0,0.0,0.0,,0
7488,E73_I2_P87,,0.0,0.0,0.0,,0
7489,E73_I2_P88,,2.893905658623691e-06,1.120805058246829e-06,1.054275138399969e-06,,1
7490,E73_I2_P89,,0.0,0.0,0.0,,0
7491,E73_I2_P90,,0.0,0.0,0.0,,0
7492,E73_I2_P91,,2.237840085534705e-06,9.438848068809643e-07,7.595315513204077e-07,,1
7493,E73_I2_P92,,0.0,0.0,0.0,,0
7494,E73_I2_P93,,2.664498858881195e-06,1.0555228294020427e-06,9.383437763176106e-07,,1
7495,E73_I2_P94,,2.755387605687641e-06,1.0851825820576608e-06,9.899341025616278e-07,,1
7496,E73_I2_P95,,0.0,0.0,0.0,,0
7497,E73_I2_P96,,0.0,0.0,0.0,,0
7498,E73_I2_P97,,5.430461459367602e-06,2.1502833267354684e-06,1.944539780908703e-06,,2
7499,E73_I2_P98,,0.0,0.0,0.0,,0
7500,E73_I2_P99,,0.0,0.0,0.0,,0
7501,E74_I2_P0,,0.0,0.0,0.0,,0
7502,E74_I2_P1,,2.628546896310058e-06,1.0467937314031653e-06,9.234961903473408e-07,,1
7503,E74_I2_P2,,1.0943070491364627e-05,4.3295796369394115e-06,3.940037553482931e-06,,4
7504,E74_I2_P3,,8.954034560998106e-06,3.4420678372640686e-06,3.3118906811123983e-06,,3
7505,E74_I2_P4,,0.0,0.0,0.0,,0
7506,E74_I2_P5,,0.0,0.0,0.0,,0
7507,E74_I2_P6,,0.0,0.0,0.0,,0
7508,E74_I2_P7,,0.0,0.0,0.0,,0
7509,E74_I2_P8,,0.0,0.0,0.0,,0
7510,E74_I2_P9,,0.0,0.0,0.0,,0
7511,E74_I2_P10,,0.0,0.0,0.0,,0
7512,E74_I2_P11,,0.0,0.0,0.0,,0
7513,E74_I2_P12,,0.0,0.0,0.0,,0
7514,E74_I2_P13,,0.0,0.0,0.0,,0
7515,E74_I2_P14,,2.860492566784627e-06,1.1040507092075383e-06,1.0236857857901666e-06,,1
7516,E74_I2_P15,,2.7007235697208925e-06,1.062463173958919e-06,9.502571277005417e-07,,1
7517,E74_I2_P16,,0.0,0.0,0.0,,0
7518,E74_I2_P17,,2.6951722803259143e-05,1.0537728384260578e-05,1.0342907609679355e-05,,9
7519,E74_I2_P18,,0.0,0.0,0.0,,0
7520,E74_I2_P19,,0.0,0.0,0.0,,0
7521,E74_I2_P20,,2.778062675009421e-06,1.0845279231373236e-06,9.88776154674254e-07,,1
7522,E74_I2_P21,,0.0,0.0,0.0,,0
7523,E74_I2_P22,,0.0,0.0,0.0,,0
7524,E74_I2_P23,,0.0,0.0,0.0,,0
7525,E74_I2_P24,,0.0,0.0,0.0,,0
7526,E74_I2_P25,,0.0,0.0,0.0,,0
7527,E74_I2_P26,,0.0,0.0,0.0,,0
7528,E74_I2_P27,,0.0,0.0,0.0,,0
7529,E74_I2_P28,,0.0,0.0,0.0,,0
7530,E74_I2_P29,,0.0,0.0,0.0,,0
7531,E74_I2_P30,,3.0405940480598104e-06,1.1633025722111113e-06,1.1345335563826307e-06,,1
7532,E74_I2_P31,,0.0,0.0,0.0,,0
7533,E74_I2_P32,,0.0,0.0,0.0,,0
7534,E74_I2_P33,,0.0,0.0,0.0,,0
7535,E74_I2_P34,,0.0,0.0,0.0,,0
7536,E74_I2_P35,,0.0,0.0,0.0,,0
7537,E74_I2_P36,,5.460642828910188e-06,2.1378159104779006e-06,1.922812536353175e-06,,2
7538,E74_I2_P37,,0.0,0.0,0.0,,0
7539,E74_I2_P38,,1.4118836926920209e-05,5.536846032162191e-06,5.1484901795124075e-06,,5
7540,E74_I2_P39,,0.0,0.0,0.0,,0
7541,E74_I2_P40,,0.0,0.0,0.0,,0
7542,E74_I2_P41,,0.0,0.0,0.0,,0
7543,E74_I2_P42,,0.0,0.0,0.0,,0
7544,E74_I2_P43,,0.0,0.0,0.0,,0
7545,E74_I2_P44,,0.0,0.0,0.0,,0
7546,E74_I2_P45,,0.0,0.0,0.0,,0
7547,E74_I2_P46,,0.0,0.0,0.0,,0
7548,E74_I2_P47,,0.0,0.0,0.0,,0
7549,E74_I2_P48,,0.0,0.0,0.0,,0
7550,E74_I2_P49,,0.0,0.0,0.0,,0
7551,E74_I2_P50,,0.0,0.0,0.0,,0
7552,E74_I2_P51,,0.0,0.0,0.0,,0
7553,E74_I2_P52,,0.0,0.0,0.0,,0
7554,E74_I2_P53,,2.434140318836318e-06,9.85995655470869e-07,8.242052600779698e-07,,1
7555,E74_I2_P54,,0.0,0.0,0.0,,0
7556,E74_I2_P55,,8.814086812991709e-06,3.4143207726650683e-06,3.2594524119947853e-06,,3
7557,E74_I2_P56,,0.0,0.0,0.0,,0
7558,E74_I2_P57,,2.7452898960929106e-06,1.0805344177456553e-06,9.817314503069628e-07,,1
7559,E74_I2_P58,,0.0,0.0,0.0,,0
7560,E74_I2_P59,,6.037701219009235e-05,2.626124300380298e-05,2.324240902921106e-05,,25
7561,E74_I2_P60,,2.898960681957586e-06,1.1147633698991802e-06,1.0431768281217523e-06,,1
7562,E74_I2_P61,,4.9262899568584155e-06,2.005157180302428e-06,1.7011652343918622e-06,,2
7563,E74_I2_P62,,0.0,0.0,0.0,,0
7564,E74_I2_P63,,0.0,0.0,0.0,,0
7565,E74_I2_P64,,0.0,0.0,0.0,,0
7566,E74_I2_P65,,2.768208893635579e-06,1.0799226333645559e-06,9.806551070311501e-07,,1
7567,E74_I2_P66,,0.0,0.0,0.0,,0
7568,E74_I2_P67,,0.0,0.0,0.0,,0
7569,E74_I2_P68,,2.680357275368568e-06,1.0652773900251238e-06,9.551153110715058e-07,,1
7570,E74_I2_P69,,0.0,0.0,0.0,,0
7571,E74_I2_P70,,0.0,0.0,0.0,,0
7572,E74_I2_P71,,0.0,0.0,0.0,,0
7573,E74_I2_P72,,0.0,0.0,0.0,,0
7574,E74_I2_P73,,0.0,0.0,0.0,,0
7575,E74_I2_P74,,0.0,0.0,0.0,,0
7576,E74_I2_P75,,2.8494256454299954e-06,1.099087291304491e-06,1.0147359961358854e-06,,1
7577,E74_I2_P76,,0.0,0.0,0.0,,0
7578,E74_I2_P77,,0.0,0.0,0.0,,0
7579,E74_I2_P78,,0.0,0.0,0.0,,0
7580,E74_I2_P79,,0.0,0.0,0.0,,0
7581,E74_I2_P80,,0.0,0.0,0.0,,0
7582,E74_I2_P81,,0.0,0.0,0.0,,0
7583,E74_I2_P82,,0.0,0.0,0.0,,0
7584,E74_I2_P83,,0.0,0.0,0.0,,0
7585,E74_I2_P84,,0.0,0.0,0.0,,0
7586,E74_I2_P85,,0.0,0.0,0.0,,0
7587,E74_I2_P86,,0.0,0.0,0.0,,0
7588,E74_I2_P87,,0.0,0.0,0.0,,0
7589,E74_I2_P88,,0.0,0.0,0.0,,0
7590,E74_I2_P89,,0.0,0.0,0.0,,0
7591,E74_I2_P90,,2.81512342646112e-06,1.0968301704188965e-06,1.0106829184479953e-06,,1
7592,E74_I2_P91,,3.1642902420674055e-06,1.2120528919944253e-06,1.2314588477239562e-06,,1
7593,E74_I2_P92,,0.0,0.0,0.0,,0
7594,E74_I2_P93,,0.0,0.0,0.0,,0
7595,E74_I2_P94,,0.0,0.0,0.0,,0
7596,E74_I2_P95,,1.9264990255946257e-05,7.747507668057148e-06,7.200488604583882e-06,,7
7597,E74_I2_P96,,0.0,0.0,0.0,,0
7598,E74_I2_P97,,0.0,0.0,0.0,,0
7599,E74_I2_P98,,0.0,0.0,0.0,,0
7600,E74_I2_P99,,0.0,0.0,0.0,,0
7601,E75_I2_P0,,0.0,0.0,0.0,,0
7602,E75_I2_P1,,0.0,0.0,0.0,,0
7603,E75_I2_P2,,4.113245350503741e-05,1.7562530207864937e-05,1.5308343812795165e-05,,17
7604,E75_I2_P3,,0.0,0.0,0.0,,0
7605,E75_I2_P4,,0.0,0.0,0.0,,0
7606,E75_I2_P5,,0.0,0.0,0.0,,0
7607,E75_I2_P6,,0.0,0.0,0.0,,0
7608,E75_I2_P7,,2.5228454075844852e-06,1.0222450050894406e-06,8.825451543196394e-07,,1
7609,E75_I2_P8,,0.0,0.0,0.0,,0
7610,E75_I2_P9,,0.0,0.0,0.0,,0
7611,E75_I2_P10,,0.0,0.0,0.0,,0
7612,E75_I2_P11,,0.0,0.0,0.0,,0
7613,E75_I2_P12,,5.09472850094212e-06,2.0422085834204113e-06,1.7613417196683749e-06,,2
7614,E75_I2_P13,,2.8948974647462654e-06,1.1136346748364101e-06,1.0411119492062302e-06,,1
7615,E75_I2_P14,,0.0,0.0,0.0,,0
7616,E75_I2_P15,,0.0,0.0,0.0,,0
7617,E75_I2_P16,,0.0,0.0,0.0,,0
7618,E75_I2_P17,,2.5312102901817333e-06,1.0279550139531578e-06,8.919651776794635e-07,,1
7619,E75_I2_P18,,1.1180616401328544e-05,4.432136650560594e-06,4.123622065914037e-06,,4
7620,E75_I2_P19,,0.0,0.0,0.0,,0
7621,E75_I2_P20,,0.0,0.0,0.0,,0
7622,E75_I2_P21,,0.0,0.0,0.0,,0
7623,E75_I2_P22,,0.0,0.0,0.0,,0
7624,E75_I2_P23,,0.0,0.0,0.0,,0
7625,E75_I2_P24,,0.0,0.0,0.0,,0
7626,E75_I2_P25,,0.0,0.0,0.0,,0
7627,E75_I2_P26,,0.0,0.0,0.0,,0
7628,E75_I2_P27,,0.0,0.0,0.0,,0
7629,E75_I2_P28,,2.7951528473422383e-06,1.1018022953865494e-06,1.0196252367442347e-06,,1
7630,E75_I2_P29,,0.0,0.0,0.0,,0
7631,E75_I2_P30,,2.557131723258053e-06,1.022494497216163e-06,8.829554284099738e-07,,1
7632,E75_I2_P31,,5.462164848809005e-06,2.1628719307482716e-06,1.966637953752542e-06,,2
7633,E75_I2_P32,,0.0,0.0,0.0,,0
7634,E75_I2_P33,,2.7966437383324347e-06,1.0879692591874499e-06,9.948729223944402e-07,,1
7635,E75_I2_P34,,0.0,0.0,0.0,,0
7636,E75_I2_P35,,0.0,0.0,0.0,,0
7637,E75_I2_P36,,1.2757131966216404e-05,5.1260376510857045e-06,4.4371231911789994e-06,,5
7638,E75_I2_P37,,0.0,0.0,0.0,,0
7639,E75_I2_P38,,0.0,0.0,0.0,,0
7640,E75_I2_P39,,0.0,0.0,0.0,,0
7641,E75_I2_P40,,0.0,0.0,0.0,,0
7642,E75_I2_P41,,0.0,0.0,0.0,,0
7643,E75_I2_P42,,0.0,0.0,0.0,,0
7644,E75_I2_P43,,5.466735877128041e-06,2.1641893290607125e-06,1.968959840356736e-06,,2
7645,E75_I2_P44,,0.0,0.0,0.0,,0
7646,E75_I2_P45,,0.0,0.0,0.0,,0
7647,E75_I2_P46,,0.0,0.0,0.0,,0
7648,E75_I2_P47,,0.0,0.0,0.0,,0
7649,E75_I2_P48,,1.6991343409849145e-05,6.699127500696948e-06,6.278388452787957e-06,,6
7650,E75_I2_P49,,0.0,0.0,0.0,,0
7651,E75_I2_P50,,2.770336425399861e-06,1.0981205805395018e-06,1.0129988006094203e-06,,1
7652,E75_I2_P51,,0.0,0.0,0.0,,0
7653,E75_I2_P52,,0.0,0.0,0.0,,0
7654,E75_I2_P53,,4.5628149875848485e-05,1.9455078274990784e-05,1.682172162352633e-05,,19
7655,E75_I2_P54,,1.751420683712145e-05,7.118379634676733e-06,6.116622139113833e-06,,7
7656,E75_I2_P55,,0.0,0.0,0.0,,0
7657,E75_I2_P56,,0.0,0.0,0.0,,0
7658,E75_I2_P57,,2.5654272524340343e-06,1.0180764857640404e-06,8.75708119478113e-07,,1
7659,E75_I2_P58,,0.0,0.0,0.0,,0
7660,E75_I2_P59,,0.0,0.0,0.0,,0
7661,E75_I2_P60,,0.0,0.0,0.0,,0
7662,E75_I2_P61,,0.0,0.0,0.0,,0
7663,E75_I2_P62,,0.0,0.0,0.0,,0
7664,E75_I2_P63,,0.0,0.0,0.0,,0
7665,E75_I2_P64,,0.0,0.0,0.0,,0
7666,E75_I2_P65,,0.0,0.0,0.0,,0
7667,E75_I2_P66,,0.0,0.0,0.0,,0
7668,E75_I2_P67,,0.0,0.0,0.0,,0
7669,E75_I2_P68,,2.7863849385159577e-06,1.0868870344921235e-06,9.92953012470497e-07,,1
7670,E75_I2_P69,,0.0,0.0,0.0,,0
7671,E75_I2_P70,,0.0,0.0,0.0,,0
7672,E75_I2_P71,,2.604814745783222e-06,1.0398604208217077e-06,9.118105914094678e-07,,1
7673,E75_I2_P72,,0.0,0.0,0.0,,0
7674,E75_I2_P73,,2.798594044635399e-06,1.090342658007239e-06,9.990918255305926e-07,,1
7675,E75_I2_P74,,4.7443632803501495e-06,1.956231557570503e-06,1.623706109194236e-06,,2
7676,E75_I2_P75,,0.0,0.0,0.0,,0
7677,E75_I2_P76,,0.0,0.0,0.0,,0
7678,E75_I2_P77,,6.365510472731813e-06,2.387342932697557e-06,2.3885816244027054e-06,,2
7679,E75_I2_P78,,2.8765317528139782e-06,1.1177627413042877e-06,1.0486769629266478e-06,,1
7680,E75_I2_P79,,0.0,0.0,0.0,,0
7681,E75_I2_P80,,0.0,0.0,0.0,,0
7682,E75_I2_P81,,9.364554965248886e-05,4.333728258676191e-05,3.857620859379135e-05,,41
7683,E75_I2_P82,,3.0234359100994054e-06,1.1528868933434007e-06,1.114504157100506e-06,,1
7684,E75_I2_P83,,0.0,0.0,0.0,,0
7685,E75_I2_P84,,0.0,0.0,0.0,,0
7686,E75_I2_P85,,0.0,0.0,0.0,,0
7687,E75_I2_P86,,0.0,0.0,0.0,,0
7688,E75_I2_P87,,0.0,0.0,0.0,,0
7689,E75_I2_P88,,0.0,0.0,0.0,,0
7690,E75_I2_P89,,6.03959371896443e-06,2.3108141002264905e-06,2.238657700842575e-06,,2
7691,E75_I2_P90,,0.0,0.0,0.0,,0
7692,E75_I2_P91,,0.0,0.0,0.0,,0
7693,E75_I2_P92,,0.0,0.0,0.0,,0
7694,E75_I2_P93,,0.0,0.0,0.0,,0
7695,E75_I2_P94,,0.0,0.0,0.0,,0
7696,E75_I2_P95,,0.0,0.0,0.0,,0
7697,E75_I2_P96,,0.0,0.0,0.0,,0
7698,E75_I2_P97,,8.466576941149489e-06,3.337613444591159e-06,3.117323590658005e-06,,3
7699,E75_I2_P98,,5.8494506627985145e-06,2.2394258758932103e-06,2.104526573593979e-06,,2
7700,E75_I2_P99,,0.0,0.0,0.0,,0
7701,E76_I2_P0,,0.0,0.0,0.0,,0
7702,E76_I2_P1,,0.0,0.0,0.0,,0
7703,E76_I2_P2,,0.0,0.0,0.0,,0
7704,E76_I2_P3,,2.9350487891441588e-06,1.1228480772773189e-06,1.0580454303546886e-06,,1
7705,E76_I2_P4,,2.711363705555362e-06,1.065514076748331e-06,9.555246284084162e-07,,1
7706,E76_I2_P5,,2.474670859168569e-06,1.0093994584450959e-06,8.61583953171189e-07,,1
7707,E76_I2_P6,,0.0,0.0,0.0,,0
7708,E76_I2_P7,,0.0,0.0,0.0,,0
7709,E76_I2_P8,,0.0,0.0,0.0,,0
7710,E76_I2_P9,,0.0,0.0,0.0,,0
7711,E76_I2_P10,,2.474476314873634e-06,9.996868234576484e-07,8.459453206323104e-07,,1
7712,E76_I2_P11,,0.0,0.0,0.0,,0
7713,E76_I2_P12,,0.0,0.0,0.0,,0
7714,E76_I2_P13,,0.0,0.0,0.0,,0
7715,E76_I2_P14,,1.0442589203214795e-05,4.204048362290108e-06,3.722609735555111e-06,,4
7716,E76_I2_P15,,0.0,0.0,0.0,,0
7717,E76_I2_P16,,0.0,0.0,0.0,,0
7718,E76_I2_P17,,0.0,0.0,0.0,,0
7719,E76_I2_P18,,2.747121160835436e-06,1.079294012866617e-06,9.795499359864117e-07,,1
7720,E76_I2_P19,,0.0,0.0,0.0,,0
7721,E76_I2_P20,,0.0,0.0,0.0,,0
7722,E76_I2_P21,,0.0,0.0,0.0,,0
7723,E76_I2_P22,,0.0,0.0,0.0,,0
7724,E76_I2_P23,,5.2874071722634575e-06,2.1053945739487683e-06,1.8670423155805616e-06,,2
7725,E76_I2_P24,,0.0,0.0,0.0,,0
7726,E76_I2_P25,,0.0,0.0,0.0,,0
7727,E76_I2_P26,,0.0,0.0,0.0,,0
7728,E76_I2_P27,,0.0,0.0,0.0,,0
7729,E76_I2_P28,,0.0,0.0,0.0,,0
7730,E76_I2_P29,,1.924929302215737e-05,7.731586814368537e-06,7.171646179664081e-06,,7
7731,E76_I2_P30,,0.0,0.0,0.0,,0
7732,E76_I2_P31,,1.0902795953740663e-05,4.2830668614955055e-06,3.858549436217696e-06,,4
7733,E76_I2_P32,,0.0,0.0,0.0,,0
7734,E76_I2_P33,,2.712351273260842e-05,1.0981837201889783e-05,1.0131122047094522e-05,,10
7735,E76_I2_P34,,0.0,0.0,0.0,,0
7736,E76_I2_P35,,0.0,0.0,0.0,,0
7737,E76_I2_P36,,0.0,0.0,0.0,,0
7738,E76_I2_P37,,0.0,0.0,0.0,,0
7739,E76_I2_P38,,0.0,0.0,0.0,,0
7740,E76_I2_P39,,0.0,0.0,0.0,,0
7741,E76_I2_P40,,0.0,0.0,0.0,,0
7742,E76_I2_P41,,8.101452407363256e-06,3.191170460027962e-06,2.85729252484654e-06,,3
7743,E76_I2_P42,,0.0,0.0,0.0,,0
7744,E76_I2_P43,,0.0,0.0,0.0,,0
7745,E76_I2_P44,,0.0,0.0,0.0,,0
7746,E76_I2_P45,,0.0,0.0,0.0,,0
7747,E76_I2_P46,,5.949128585828202e-06,2.2859002260831407e-06,2.1912285122654016e-06,,2
7748,E76_I2_P47,,0.0,0.0,0.0,,0
7749,E76_I2_P48,,0.0,0.0,0.0,,0
7750,E76_I2_P49,,0.0,0.0,0.0,,0
7751,E76_I2_P50,,3.00520114649639e-06,1.147890011710436e-06,1.1049784805440915e-06,,1
7752,E76_I2_P51,,0.0,0.0,0.0,,0
7753,E76_I2_P52,,5.853521731091381e-06,2.2630908883964703e-06,2.1483892451634387e-06,,2
7754,E76_I2_P53,,9.36538303873259e-06,3.566061394119361e-06,3.5530289571860017e-06,,3
7755,E76_I2_P54,,0.0,0.0,0.0,,0
7756,E76_I2_P55,,9.889634491817142e-06,3.712665319321874e-06,3.852896414879887e-06,,3
7757,E76_I2_P56,,0.0,0.0,0.0,,0
7758,E76_I2_P57,,0.0,0.0,0.0,,0
7759,E76_I2_P58,,0.0,0.0,0.0,,0
7760,E76_I2_P59,,0.0,0.0,0.0,,0
7761,E76_I2_P60,,1.1207266454056374e-05,4.426078379618874e-06,4.112626328314044e-06,,4
7762,E76_I2_P61,,0.0,0.0,0.0,,0
7763,E76_I2_P62,,2.9767890876130167e-06,1.1457203013468333e-06,1.1008590553638533e-06,,1
7764,E76_I2_P63,,0.0,0.0,0.0,,0
7765,E76_I2_P64,,8.21506731825129e-06,3.239549333489332e-06,2.941580937967206e-06,,3
7766,E76_I2_P65,,0.0,0.0,0.0,,0
7767,E76_I2_P66,,0.0,0.0,0.0,,0
7768,E76_I2_P67,,9.39672790498977e-06,3.871126356501182e-06,3.183317506276607e-06,,4
7769,E76_I2_P68,,5.585757287258931e-06,2.184162661120956e-06,2.0043795693590494e-06,,2
7770,E76_I2_P69,,0.0,0.0,0.0,,0
7771,E76_I2_P70,,2.180177645978885e-05,8.353820086810078e-06,8.356273293111805e-06,,7
7772,E76_I2_P71,,0.0,0.0,0.0,,0
7773,E76_I2_P72,,0.0,0.0,0.0,,0
7774,E76_I2_P73,,0.0,0.0,0.0,,0
7775,E76_I2_P74,,0.0,0.0,0.0,,0
7776,E76_I2_P75,,0.0,0.0,0.0,,0
7777,E76_I2_P76,,0.0,0.0,0.0,,0
7778,E76_I2_P77,,0.0,0.0,0.0,,0
7779,E76_I2_P78,,0.0,0.0,0.0,,0
7780,E76_I2_P79,,0.0,0.0,0.0,,0
7781,E76_I2_P80,,0.0,0.0,0.0,,0
7782,E76_I2_P81,,6.717680529165566e-05,3.0730486669349215e-05,2.5810458814209243e-05,,31
7783,E76_I2_P82,,5.0061290500561095e-06,2.0418402418131015e-06,1.760736974067866e-06,,2
7784,E76_I2_P83,,0.0,0.0,0.0,,0
7785,E76_I2_P84,,0.0,0.0,0.0,,0
7786,E76_I2_P85,,0.0,0.0,0.0,,0
7787,E76_I2_P86,,0.0,0.0,0.0,,0
7788,E76_I2_P87,,7.194973126102703e-06,2.962504056883968e-06,2.479736420550072e-06,,3
7789,E76_I2_P88,,0.0,0.0,0.0,,0
7790,E76_I2_P89,,0.0,0.0,0.0,,0
7791,E76_I2_P90,,0.0,0.0,0.0,,0
7792,E76_I2_P91,,6.703134642563809e-06,2.8104306055990723e-06,2.246957058403657e-06,,3
7793,E76_I2_P92,,5.45913322986954e-06,2.17559791209139e-06,1.9891412777646826e-06,,2
7794,E76_I2_P93,,2.9888644045434093e-06,1.141491432752995e-06,1.092859149034295e-06,,1
7795,E76_I2_P94,,5.9239703398904845e-06,2.2442873961065685e-06,2.1134890798661107e-06,,2
7796,E76_I2_P95,,1.601741147476777e-05,6.3982161239166024e-06,5.742027911997681e-06,,6
7797,E76_I2_P96,,0.0,0.0,0.0,,0
7798,E76_I2_P97,,0.0,0.0,0.0,,0
7799,E76_I2_P98,,0.0,0.0,0.0,,0
7800,E76_I2_P99,,0.0,0.0,0.0,,0
7801,E77_I2_P0,,0.0,0.0,0.0,,0
7802,E77_I2_P1,,2.931210421379333e-06,1.117933998967465e-06,1.0489915781711146e-06,,1
7803,E77_I2_P2,,2.7092009258783263e-06,1.083764866012042e-06,9.874275783585498e-07,,1
7804,E77_I2_P3,,0.0,0.0,0.0,,0
7805,E77_I2_P4,,0.0,0.0,0.0,,0
7806,E77_I2_P5,,0.0,0.0,0.0,,0
7807,E77_I2_P6,,0.0,0.0,0.0,,0
7808,E77_I2_P7,,0.0,0.0,0.0,,0
7809,E77_I2_P8,,0.0,0.0,0.0,,0
7810,E77_I2_P9,,9.969892043361594e-06,4.069773225662859e-06,3.498690177864662e-06,,4
7811,E77_I2_P10,,0.0,0.0,0.0,,0
7812,E77_I2_P11,,0.0,0.0,0.0,,0
7813,E77_I2_P12,,0.0,0.0,0.0,,0
7814,E77_I2_P13,,2.804291574016548e-06,1.0991412699722023e-06,1.014833053619973e-06,,1
7815,E77_I2_P14,,0.0,0.0,0.0,,0
7816,E77_I2_P15,,5.770696532939624e-06,2.2362807571337758e-06,2.098741594539914e-06,,2
7817,E77_I2_P16,,0.0,0.0,0.0,,0
7818,E77_I2_P17,,0.0,0.0,0.0,,0
7819,E77_I2_P18,,0.0,0.0,0.0,,0
7820,E77_I2_P19,,0.0,0.0,0.0,,0
7821,E77_I2_P20,,0.0,0.0,0.0,,0
7822,E77_I2_P21,,0.0,0.0,0.0,,0
7823,E77_I2_P22,,0.0,0.0,0.0,,0
7824,E77_I2_P23,,2.843978954637625e-06,1.1139565760581535e-06,1.0417005761906312e-06,,1
7825,E77_I2_P24,,2.5174421663466493e-05,9.972581272121658e-06,9.278647049544883e-06,,9
7826,E77_I2_P25,,0.0,0.0,0.0,,0
7827,E77_I2_P26,,0.0,0.0,0.0,,0
7828,E77_I2_P27,,0.0,0.0,0.0,,0
7829,E77_I2_P28,,2.6625957266181067e-06,1.0532361793948935e-06,9.344397099499141e-07,,1
7830,E77_I2_P29,,2.552829588380879e-06,1.017835878647843e-06,8.753145114453938e-07,,1
7831,E77_I2_P30,,0.0,0.0,0.0,,0
7832,E77_I2_P31,,0.0,0.0,0.0,,0
7833,E77_I2_P32,,0.0,0.0,0.0,,0
7834,E77_I2_P33,,0.0,0.0,0.0,,0
7835,E77_I2_P34,,0.0,0.0,0.0,,0
7836,E77_I2_P35,,0.0,0.0,0.0,,0
7837,E77_I2_P36,,0.0,0.0,0.0,,0
7838,E77_I2_P37,,0.0,0.0,0.0,,0
7839,E77_I2_P38,,0.0,0.0,0.0,,0
7840,E77_I2_P39,,0.0,0.0,0.0,,0
7841,E77_I2_P40,,0.0,0.0,0.0,,0
7842,E77_I2_P41,,0.0,0.0,0.0,,0
7843,E77_I2_P42,,0.0,0.0,0.0,,0
7844,E77_I2_P43,,0.0,0.0,0.0,,0
7845,E77_I2_P44,,0.0,0.0,0.0,,0
7846,E77_I2_P45,,0.0,0.0,0.0,,0
7847,E77_I2_P46,,0.0,0.0,0.0,,0
7848,E77_I2_P47,,0.0,0.0,0.0,,0
7849,E77_I2_P48,,2.844595666338557e-05,1.1992164154030687e-05,1.0144817266478989e-05,,12
7850,E77_I2_P49,,2.3115897662285904e-06,9.504593303573697e-07,7.694135049381922e-07,,1
7851,E77_I2_P50,,0.0,0.0,0.0,,0
7852,E77_I2_P51,,2.5765155888300487e-06,1.0556383401086947e-06,9.385412675422162e-07,,1
7853,E77_I2_P52,,3.075668359188048e-06,1.176683493311356e-06,1.1606125248661234e-06,,1
7854,E77_I2_P53,,0.0,0.0,0.0,,0
7855,E77_I2_P54,,0.0,0.0,0.0,,0
7856,E77_I2_P55,,0.0,0.0,0.0,,0
7857,E77_I2_P56,,0.0,0.0,0.0,,0
7858,E77_I2_P57,,0.0,0.0,0.0,,0
7859,E77_I2_P58,,0.0,0.0,0.0,,0
7860,E77_I2_P59,,0.0,0.0,0.0,,0
7861,E77_I2_P60,,0.0,0.0,0.0,,0
7862,E77_I2_P61,,0.0,0.0,0.0,,0
7863,E77_I2_P62,,1.4016969551237761e-05,5.551170473636296e-06,5.174534460070964e-06,,5
7864,E77_I2_P63,,0.0,0.0,0.0,,0
7865,E77_I2_P64,,0.0,0.0,0.0,,0
7866,E77_I2_P65,,0.0,0.0,0.0,,0
7867,E77_I2_P66,,0.0,0.0,0.0,,0
7868,E77_I2_P67,,4.7940268151147795e-06,1.9775401463517366e-06,1.6571642108874031e-06,,2
7869,E77_I2_P68,,0.0,0.0,0.0,,0
7870,E77_I2_P69,,0.0,0.0,0.0,,0
7871,E77_I2_P70,,5.251773044973882e-06,2.095003844475425e-06,1.8493902791423454e-06,,2
7872,E77_I2_P71,,0.0,0.0,0.0,,0
7873,E77_I2_P72,,1.0630089686199053e-05,4.259094413174772e-06,3.816977821927488e-06,,4
7874,E77_I2_P73,,2.7196720428669255e-06,1.0661081148562136e-06,9.565524319867307e-07,,1
7875,E77_I2_P74,,2.748237651360669e-06,1.0883318395323975e-06,9.955166905839551e-07,,1
7876,E77_I2_P75,,0.0,0.0,0.0,,0
7877,E77_I2_P76,,2.84054765315827e-06,1.1147459825033852e-06,1.0431449987195396e-06,,1
7878,E77_I2_P77,,2.5981385904514967e-06,1.0345073043805715e-06,9.028530155290719e-07,,1
7879,E77_I2_P78,,0.0,0.0,0.0,,0
7880,E77_I2_P79,,0.0,0.0,0.0,,0
7881,E77_I2_P80,,2.5494437894869207e-06,1.031786591253649e-06,8.983218673775986e-07,,1
7882,E77_I2_P81,,0.0,0.0,0.0,,0
7883,E77_I2_P82,,0.0,0.0,0.0,,0
7884,E77_I2_P83,,4.488769279444147e-06,1.8742299177858975e-06,1.4988762175558876e-06,,2
7885,E77_I2_P84,,0.0,0.0,0.0,,0
7886,E77_I2_P85,,0.0,0.0,0.0,,0
7887,E77_I2_P86,,2.7346830810378393e-06,1.0685880353717648e-06,9.60850852647036e-07,,1
7888,E77_I2_P87,,2.75693421133681e-06,1.0856256045969028e-06,9.907182087814786e-07,,1
7889,E77_I2_P88,,0.0,0.0,0.0,,0
7890,E77_I2_P89,,0.0,0.0,0.0,,0
7891,E77_I2_P90,,0.0,0.0,0.0,,0
7892,E77_I2_P91,,0.0,0.0,0.0,,0
7893,E77_I2_P92,,0.0,0.0,0.0,,0
7894,E77_I2_P93,,0.0,0.0,0.0,,0
7895,E77_I2_P94,,0.0,0.0,0.0,,0
7896,E77_I2_P95,,0.0,0.0,0.0,,0
7897,E77_I2_P96,,0.0,0.0,0.0,,0
7898,E77_I2_P97,,0.0,0.0,0.0,,0
7899,E77_I2_P98,,6.246442901396382e-06,2.3671805636728972e-06,2.3484556262244995e-06,,2
7900,E77_I2_P99,,0.0,0.0,0.0,,0
7901,E78_I2_P0,,2.4649735020350485e-06,1.0142444354901302e-06,8.694525665805041e-07,,1
7902,E78_I2_P1,,0.0,0.0,0.0,,0
7903,E78_I2_P2,,2.620550372250073e-06,1.0410404706489752e-06,9.137927883473145e-07,,1
7904,E78_I2_P3,,2.622396543005917e-06,1.0449993617733517e-06,9.204628087002146e-07,,1
7905,E78_I2_P4,,0.0,0.0,0.0,,0
7906,E78_I2_P5,,0.0,0.0,0.0,,0
7907,E78_I2_P6,,0.0,0.0,0.0,,0
7908,E78_I2_P7,,0.0,0.0,0.0,,0
7909,E78_I2_P8,,0.0,0.0,0.0,,0
7910,E78_I2_P9,,0.0,0.0,0.0,,0
7911,E78_I2_P10,,0.0,0.0,0.0,,0
7912,E78_I2_P11,,0.0,0.0,0.0,,0
7913,E78_I2_P12,,5.388836943485104e-06,2.155149327636304e-06,1.953062536330015e-06,,2
7914,E78_I2_P13,,0.0,0.0,0.0,,0
7915,E78_I2_P14,,0.0,0.0,0.0,,0
7916,E78_I2_P15,,0.0,0.0,0.0,,0
7917,E78_I2_P16,,0.0,0.0,0.0,,0
7918,E78_I2_P17,,0.0,0.0,0.0,,0
7919,E78_I2_P18,,0.0,0.0,0.0,,0
7920,E78_I2_P19,,0.0,0.0,0.0,,0
7921,E78_I2_P20,,0.0,0.0,0.0,,0
7922,E78_I2_P21,,0.0,0.0,0.0,,0
7923,E78_I2_P22,,0.0,0.0,0.0,,0
7924,E78_I2_P23,,0.0,0.0,0.0,,0
7925,E78_I2_P24,,0.0,0.0,0.0,,0
7926,E78_I2_P25,,7.634524779989043e-06,3.080416302516178e-06,2.6701907250480136e-06,,3
7927,E78_I2_P26,,0.0,0.0,0.0,,0
7928,E78_I2_P27,,8.233847087686556e-06,3.2707874251446793e-06,2.9968473166229126e-06,,3
7929,E78_I2_P28,,0.0,0.0,0.0,,0
7930,E78_I2_P29,,0.0,0.0,0.0,,0
7931,E78_I2_P30,,4.261608100394232e-05,1.7861242843529913e-05,1.581095308425192e-05,,17
7932,E78_I2_P31,,0.0,0.0,0.0,,0
7933,E78_I2_P32,,2.7591512834343485e-06,1.0880091274878621e-06,9.949436961362356e-07,,1
7934,E78_I2_P33,,0.0,0.0,0.0,,0
7935,E78_I2_P34,,1.6033041950764545e-05,6.442495975967775e-06,5.819019757026831e-06,,6
7936,E78_I2_P35,,0.0,0.0,0.0,,0
7937,E78_I2_P36,,5.2340352737257376e-06,2.093187918979092e-06,1.8463163219901813e-06,,2
7938,E78_I2_P37,,2.3209794039155788e-05,9.184055411757469e-06,8.84160594509584e-06,,8
7939,E78_I2_P38,,0.0,0.0,0.0,,0
7940,E78_I2_P39,,0.0,0.0,0.0,,0
7941,E78_I2_P40,,0.0,0.0,0.0,,0
7942,E78_I2_P41,,0.0,0.0,0.0,,0
7943,E78_I2_P42,,0.0,0.0,0.0,,0
7944,E78_I2_P43,,0.0,0.0,0.0,,0
7945,E78_I2_P44,,0.0,0.0,0.0,,0
7946,E78_I2_P45,,0.0,0.0,0.0,,0
7947,E78_I2_P46,,5.5579158115419576e-06,2.2041480357565915e-06,2.0402308011093755e-06,,2
7948,E78_I2_P47,,0.0,0.0,0.0,,0
7949,E78_I2_P48,,0.0,0.0,0.0,,0
7950,E78_I2_P49,,0.0,0.0,0.0,,0
7951,E78_I2_P50,,0.0,0.0,0.0,,0
7952,E78_I2_P51,,7.574755573824426e-06,3.0866895347050456e-06,2.6805734818907158e-06,,3
7953,E78_I2_P52,,0.0,0.0,0.0,,0
7954,E78_I2_P53,,0.0,0.0,0.0,,0
7955,E78_I2_P54,,0.0,0.0,0.0,,0
7956,E78_I2_P55,,0.0,0.0,0.0,,0
7957,E78_I2_P56,,0.0,0.0,0.0,,0
7958,E78_I2_P57,,0.0,0.0,0.0,,0
7959,E78_I2_P58,,2.5194778921878025e-06,1.0179972822743238e-06,8.755785385193267e-07,,1
7960,E78_I2_P59,,0.0,0.0,0.0,,0
7961,E78_I2_P60,,2.7760058762260184e-06,1.087534581494655e-06,9.941014987571247e-07,,1
7962,E78_I2_P61,,0.0,0.0,0.0,,0
7963,E78_I2_P62,,0.0,0.0,0.0,,0
7964,E78_I2_P63,,0.0,0.0,0.0,,0
7965,E78_I2_P64,,0.0,0.0,0.0,,0
7966,E78_I2_P65,,0.0,0.0,0.0,,0
7967,E78_I2_P66,,0.0,0.0,0.0,,0
7968,E78_I2_P67,,0.0,0.0,0.0,,0
7969,E78_I2_P68,,0.0,0.0,0.0,,0
7970,E78_I2_P69,,0.0,0.0,0.0,,0
7971,E78_I2_P70,,2.6875616552008995e-06,1.0497264127710352e-06,9.284676059973437e-07,,1
7972,E78_I2_P71,,0.0,0.0,0.0,,0
7973,E78_I2_P72,,0.0,0.0,0.0,,0
7974,E78_I2_P73,,0.0,0.0,0.0,,0
7975,E78_I2_P74,,0.0,0.0,0.0,,0
7976,E78_I2_P75,,2.1079874525636003e-05,8.205605484630103e-06,8.063215610385422e-06,,7
7977,E78_I2_P76,,2.932743163035274e-06,1.114448575636774e-06,1.0426006630940217e-06,,1
7978,E78_I2_P77,,8.217023257082654e-06,3.2453357151947987e-06,2.951768109097349e-06,,3
7979,E78_I2_P78,,0.0,0.0,0.0,,0
7980,E78_I2_P79,,7.646513304728567e-06,3.112916393208503e-06,2.7242587065038044e-06,,3
7981,E78_I2_P80,,0.0,0.0,0.0,,0
7982,E78_I2_P81,,0.0,0.0,0.0,,0
7983,E78_I2_P82,,0.0,0.0,0.0,,0
7984,E78_I2_P83,,0.0,0.0,0.0,,0
7985,E78_I2_P84,,5.210715628222079e-06,2.1092933905135233e-06,1.8736933916239349e-06,,2
7986,E78_I2_P85,,0.0,0.0,0.0,,0
7987,E78_I2_P86,,0.0,0.0,0.0,,0
7988,E78_I2_P87,,0.0,0.0,0.0,,0
7989,E78_I2_P88,,0.0,0.0,0.0,,0
7990,E78_I2_P89,,2.6327642802057884e-06,1.0463124829664345e-06,9.226820151744285e-07,,1
7991,E78_I2_P90,,1.3767372075058447e-05,5.4877081354557626e-06,5.059796677130327e-06,,5
7992,E78_I2_P91,,0.0,0.0,0.0,,0
7993,E78_I2_P92,,5.473946664224096e-06,2.162807721263102e-06,1.9665248310632265e-06,,2
7994,E78_I2_P93,,0.0,0.0,0.0,,0
7995,E78_I2_P94,,0.0,0.0,0.0,,0
7996,E78_I2_P95,,0.0,0.0,0.0,,0
7997,E78_I2_P96,,0.0,0.0,0.0,,0
7998,E78_I2_P97,,0.0,0.0,0.0,,0
7999,E78_I2_P98,,0.0,0.0,0.0,,0
8000,E78_I2_P99,,5.404945175848763e-05,2.26894711265091e-05,2.159335183883586e-05,,20
8001,E79_I2_P0,,0.0,0.0,0.0,,0
8002,E79_I2_P1,,0.0,0.0,0.0,,0
8003,E79_I2_P2,,0.0,0.0,0.0,,0
8004,E79_I2_P3,,0.0,0.0,0.0,,0
8005,E79_I2_P4,,0.0,0.0,0.0,,0
8006,E79_I2_P5,,0.0,0.0,0.0,,0
8007,E79_I2_P6,,0.0,0.0,0.0,,0
8008,E79_I2_P7,,0.0,0.0,0.0,,0
8009,E79_I2_P8,,0.0,0.0,0.0,,0
8010,E79_I2_P9,,0.0,0.0,0.0,,0
8011,E79_I2_P10,,0.0,0.0,0.0,,0
8012,E79_I2_P11,,0.0,0.0,0.0,,0
8013,E79_I2_P12,,0.0,0.0,0.0,,0
8014,E79_I2_P13,,2.732197078579142e-06,1.0750222352255104e-06,9.720610221027235e-07,,1
8015,E79_I2_P14,,0.0,0.0,0.0,,0
8016,E79_I2_P15,,2.925920995899809e-06,1.1241299677785376e-06,1.0604155874728866e-06,,1
8017,E79_I2_P16,,0.0,0.0,0.0,,0
8018,E79_I2_P17,,2.708544942310659e-05,1.1063813164080973e-05,1.0279058448525174e-05,,10
8019,E79_I2_P18,,0.0,0.0,0.0,,0
8020,E79_I2_P19,,0.0,0.0,0.0,,0
8021,E79_I2_P20,,0.0,0.0,0.0,,0
8022,E79_I2_P21,,0.0,0.0,0.0,,0
8023,E79_I2_P22,,0.0,0.0,0.0,,0
8024,E79_I2_P23,,0.0,0.0,0.0,,0
8025,E79_I2_P24,,0.0,0.0,0.0,,0
8026,E79_I2_P25,,0.0,0.0,0.0,,0
8027,E79_I2_P26,,0.0,0.0,0.0,,0
8028,E79_I2_P27,,0.0,0.0,0.0,,0
8029,E79_I2_P28,,2.608562243627834e-06,1.058985719031274e-06,9.44275917423071e-07,,1
8030,E79_I2_P29,,0.0,0.0,0.0,,0
8031,E79_I2_P30,,0.0,0.0,0.0,,0
8032,E79_I2_P31,,0.0,0.0,0.0,,0
8033,E79_I2_P32,,0.0,0.0,0.0,,0
8034,E79_I2_P33,,0.0,0.0,0.0,,0
8035,E79_I2_P34,,2.795530123315204e-06,1.089476046443585e-06,9.975500171578603e-07,,1
8036,E79_I2_P35,,0.0,0.0,0.0,,0
8037,E79_I2_P36,,0.0,0.0,0.0,,0
8038,E79_I2_P37,,7.669031306365126e-06,3.0906372633132153e-06,2.6871204302438094e-06,,3
8039,E79_I2_P38,,0.0,0.0,0.0,,0
8040,E79_I2_P39,,0.0,0.0,0.0,,0
8041,E79_I2_P40,,0.0,0.0,0.0,,0
8042,E79_I2_P41,,0.0,0.0,0.0,,0
8043,E79_I2_P42,,0.0,0.0,0.0,,0
8044,E79_I2_P43,,0.0,0.0,0.0,,0
8045,E79_I2_P44,,0.0,0.0,0.0,,0
8046,E79_I2_P45,,2.8166827941378865e-06,1.1131436219606964e-06,1.0402144298025594e-06,,1
8047,E79_I2_P46,,0.0,0.0,0.0,,0
8048,E79_I2_P47,,0.0,0.0,0.0,,0
8049,E79_I2_P48,,0.0,0.0,0.0,,0
8050,E79_I2_P49,,0.0,0.0,0.0,,0
8051,E79_I2_P50,,0.0,0.0,0.0,,0
8052,E79_I2_P51,,0.0,0.0,0.0,,0
8053,E79_I2_P52,,2.7061731602078713e-06,1.076172297191698e-06,9.740735708027293e-07,,1
8054,E79_I2_P53,,0.0,0.0,0.0,,0
8055,E79_I2_P54,,1.6148550221509402e-05,6.466370529335337e-06,5.860805860805861e-06,,6
8056,E79_I2_P55,,0.0,0.0,0.0,,0
8057,E79_I2_P56,,0.0,0.0,0.0,,0
8058,E79_I2_P57,,0.0,0.0,0.0,,0
8059,E79_I2_P58,,0.0,0.0,0.0,,0
8060,E79_I2_P59,,0.0,0.0,0.0,,0
8061,E79_I2_P60,,2.1686970899275146e-05,8.679085589980301e-06,7.915270981775584e-06,,8
8062,E79_I2_P61,,0.0,0.0,0.0,,0
8063,E79_I2_P62,,0.0,0.0,0.0,,0
8064,E79_I2_P63,,0.0,0.0,0.0,,0
8065,E79_I2_P64,,3.0976073739814234e-06,1.1788782133742093e-06,1.16492752694623e-06,,1
8066,E79_I2_P65,,2.9100403510112203e-06,1.1197246662389145e-06,1.0522848787715207e-06,,1
8067,E79_I2_P66,,0.0,0.0,0.0,,0
8068,E79_I2_P67,,2.4954622526908057e-06,1.0188144574794492e-06,8.769160615945843e-07,,1
8069,E79_I2_P68,,1.1212337551400831e-05,4.399598277976747e-06,4.06478866655624e-06,,4
8070,E79_I2_P69,,0.0,0.0,0.0,,0
8071,E79_I2_P70,,0.0,0.0,0.0,,0
8072,E79_I2_P71,,0.0,0.0,0.0,,0
8073,E79_I2_P72,,0.0,0.0,0.0,,0
8074,E79_I2_P73,,0.0,0.0,0.0,,0
8075,E79_I2_P74,,0.0,0.0,0.0,,0
8076,E79_I2_P75,,0.0,0.0,0.0,,0
8077,E79_I2_P76,,0.0,0.0,0.0,,0
8078,E79_I2_P77,,0.0,0.0,0.0,,0
8079,E79_I2_P78,,0.0,0.0,0.0,,0
8080,E79_I2_P79,,0.0,0.0,0.0,,0
8081,E79_I2_P80,,0.0,0.0,0.0,,0
8082,E79_I2_P81,,0.0,0.0,0.0,,0
8083,E79_I2_P82,,0.0,0.0,0.0,,0
8084,E79_I2_P83,,2.848236093203212e-06,1.115163477538505e-06,1.0439094408560058e-06,,1
8085,E79_I2_P84,,0.0,0.0,0.0,,0
8086,E79_I2_P85,,0.0,0.0,0.0,,0
8087,E79_I2_P86,,0.0,0.0,0.0,,0
8088,E79_I2_P87,,0.0,0.0,0.0,,0
8089,E79_I2_P88,,0.0,0.0,0.0,,0
8090,E79_I2_P89,,0.0,0.0,0.0,,0
8091,E79_I2_P90,,0.0,0.0,0.0,,0
8092,E79_I2_P91,,0.0,0.0,0.0,,0
8093,E79_I2_P92,,0.0,0.0,0.0,,0
8094,E79_I2_P93,,2.951133851861974e-06,1.1329969160354835e-06,1.0769053079854952e-06,,1
8095,E79_I2_P94,,0.0,0.0,0.0,,0
8096,E79_I2_P95,,0.0,0.0,0.0,,0
8097,E79_I2_P96,,0.0,0.0,0.0,,0
8098,E79_I2_P97,,6.335603477084334e-06,2.3753380526973846e-06,2.3646356909243805e-06,,2
8099,E79_I2_P98,,0.0,0.0,0.0,,0
8100,E79_I2_P99,,0.0,0.0,0.0,,0
8101,E80_I2_P0,,4.842138302613095e-06,1.9734477659932596e-06,1.6507053773584712e-06,,2
8102,E80_I2_P1,,0.0,0.0,0.0,,0
8103,E80_I2_P2,,1.4478154342206199e-05,5.664974497440663e-06,5.384507694461496e-06,,5
8104,E80_I2_P3,,7.828865116974565e-06,3.1525993811813166e-06,2.791214373637539e-06,,3
8105,E80_I2_P4,,0.0,0.0,0.0,,0
8106,E80_I2_P5,,2.788629466512065e-06,1.1033826266407978e-06,1.0224781598665054e-06,,1
8107,E80_I2_P6,,0.0,0.0,0.0,,0
8108,E80_I2_P7,,2.697662862441174e-06,1.0633478829497093e-06,9.517826889764529e-07,,1
8109,E80_I2_P8,,0.0,0.0,0.0,,0
8110,E80_I2_P9,,0.0,0.0,0.0,,0
8111,E80_I2_P10,,5.339126853121397e-06,2.127238614393231e-06,1.9045020762643573e-06,,2
8112,E80_I2_P11,,0.0,0.0,0.0,,0
8113,E80_I2_P12,,0.0,0.0,0.0,,0
8114,E80_I2_P13,,0.0,0.0,0.0,,0
8115,E80_I2_P14,,3.264078811883015e-06,1.215613431597745e-06,1.2387467599030061e-06,,1
8116,E80_I2_P15,,0.0,0.0,0.0,,0
8117,E80_I2_P16,,2.5067843594524913e-06,1.009298167547541e-06,8.614199301560721e-07,,1
8118,E80_I2_P17,,0.0,0.0,0.0,,0
8119,E80_I2_P18,,1.195553747530974e-05,4.948275167382916e-06,4.149906232868669e-06,,5
8120,E80_I2_P19,,0.0,0.0,0.0,,0
8121,E80_I2_P20,,0.0,0.0,0.0,,0
8122,E80_I2_P21,,0.0,0.0,0.0,,0
8123,E80_I2_P22,,0.0,0.0,0.0,,0
8124,E80_I2_P23,,0.0,0.0,0.0,,0
8125,E80_I2_P24,,0.0,0.0,0.0,,0
8126,E80_I2_P25,,8.576789998747633e-06,3.3477550012764746e-06,3.1358775753394586e-06,,3
8127,E80_I2_P26,,2.250058138755376e-06,9.345411668148953e-07,7.456224969219771e-07,,1
8128,E80_I2_P27,,0.0,0.0,0.0,,0
8129,E80_I2_P28,,0.0,0.0,0.0,,0
8130,E80_I2_P29,,0.0,0.0,0.0,,0
8131,E80_I2_P30,,0.0,0.0,0.0,,0
8132,E80_I2_P31,,0.0,0.0,0.0,,0
8133,E80_I2_P32,,0.0,0.0,0.0,,0
8134,E80_I2_P33,,0.0,0.0,0.0,,0
8135,E80_I2_P34,,1.370723649941441e-05,5.478604723177055e-06,5.04347475236539e-06,,5
8136,E80_I2_P35,,5.171409043683188e-06,2.08795335854189e-06,1.8374736207693319e-06,,2
8137,E80_I2_P36,,0.0,0.0,0.0,,0
8138,E80_I2_P37,,0.0,0.0,0.0,,0
8139,E80_I2_P38,,0.0,0.0,0.0,,0
8140,E80_I2_P39,,1.5030886074388731e-05,5.782883877688094e-06,5.60786446913151e-06,,5
8141,E80_I2_P40,,0.0,0.0,0.0,,0
8142,E80_I2_P41,,5.853299685016944e-06,2.2366469571434762e-06,2.099414630715591e-06,,2
8143,E80_I2_P42,,0.0,0.0,0.0,,0
8144,E80_I2_P43,,0.0,0.0,0.0,,0
8145,E80_I2_P44,,0.0,0.0,0.0,,0
8146,E80_I2_P45,,0.0,0.0,0.0,,0
8147,E80_I2_P46,,0.0,0.0,0.0,,0
8148,E80_I2_P47,,0.0,0.0,0.0,,0
8149,E80_I2_P48,,0.0,0.0,0.0,,0
8150,E80_I2_P49,,0.0,0.0,0.0,,0
8151,E80_I2_P50,,1.716740982253549e-05,7.162188912142862e-06,6.188466201912855e-06,,7
8152,E80_I2_P51,,0.0,0.0,0.0,,0
8153,E80_I2_P52,,0.0,0.0,0.0,,0
8154,E80_I2_P53,,2.5498608487495113e-06,1.0152548811371496e-06,8.710992990046167e-07,,1
8155,E80_I2_P54,,0.0,0.0,0.0,,0
8156,E80_I2_P55,,0.0,0.0,0.0,,0
8157,E80_I2_P56,,0.0,0.0,0.0,,0
8158,E80_I2_P57,,0.0,0.0,0.0,,0
8159,E80_I2_P58,,0.0,0.0,0.0,,0
8160,E80_I2_P59,,0.0,0.0,0.0,,0
8161,E80_I2_P60,,0.0,0.0,0.0,,0
8162,E80_I2_P61,,0.0,0.0,0.0,,0
8163,E80_I2_P62,,1.5269211079616224e-05,6.290678892771999e-06,5.557774805912083e-06,,6
8164,E80_I2_P63,,2.561888411425928e-06,1.0338598578640138e-06,9.01773427622763e-07,,1
8165,E80_I2_P64,,0.0,0.0,0.0,,0
8166,E80_I2_P65,,0.0,0.0,0.0,,0
8167,E80_I2_P66,,0.0,0.0,0.0,,0
8168,E80_I2_P67,,0.0,0.0,0.0,,0
8169,E80_I2_P68,,0.0,0.0,0.0,,0
8170,E80_I2_P69,,0.0,0.0,0.0,,0
8171,E80_I2_P70,,0.0,0.0,0.0,,0
8172,E80_I2_P71,,0.0,0.0,0.0,,0
8173,E80_I2_P72,,0.0,0.0,0.0,,0
8174,E80_I2_P73,,3.1953833087959348e-06,1.1871665511907878e-06,1.1813192086933283e-06,,1
8175,E80_I2_P74,,0.0,0.0,0.0,,0
8176,E80_I2_P75,,0.0,0.0,0.0,,0
8177,E80_I2_P76,,5.644845467849162e-06,2.178799335224901e-06,1.994828407353935e-06,,2
8178,E80_I2_P77,,0.0,0.0,0.0,,0
8179,E80_I2_P78,,0.0,0.0,0.0,,0
8180,E80_I2_P79,,0.0,0.0,0.0,,0
8181,E80_I2_P80,,1.2107978078386963e-05,5.017487290427329e-06,4.260297351713961e-06,,5
8182,E80_I2_P81,,0.0,0.0,0.0,,0
8183,E80_I2_P82,,5.541552888356153e-06,2.1891556789719657e-06,2.0132978321815594e-06,,2
8184,E80_I2_P83,,0.0,0.0,0.0,,0
8185,E80_I2_P84,,0.0,0.0,0.0,,0
8186,E80_I2_P85,,7.09336016507384e-06,2.9176412557029387e-06,2.409581459716416e-06,,3
8187,E80_I2_P86,,3.0402581243793116e-06,1.1555515006965214e-06,1.1196058091867016e-06,,1
8188,E80_I2_P87,,0.0,0.0,0.0,,0
8189,E80_I2_P88,,0.0,0.0,0.0,,0
8190,E80_I2_P89,,0.0,0.0,0.0,,0
8191,E80_I2_P90,,0.0,0.0,0.0,,0
8192,E80_I2_P91,,0.0,0.0,0.0,,0
8193,E80_I2_P92,,0.0,0.0,0.0,,0
8194,E80_I2_P93,,0.0,0.0,0.0,,0
8195,E80_I2_P94,,0.0,0.0,0.0,,0
8196,E80_I2_P95,,0.0,0.0,0.0,,0
8197,E80_I2_P96,,0.0,0.0,0.0,,0
8198,E80_I2_P97,,0.0,0.0,0.0,,0
8199,E80_I2_P98,,5.084829453566638e-06,2.0392911541200568e-06,1.7565554649953627e-06,,2
8200,E80_I2_P99,,0.0,0.0,0.0,,0
8201,E81_I2_P0,,0.0,0.0,0.0,,0
8202,E81_I2_P1,,0.0,0.0,0.0,,0
8203,E81_I2_P2,,0.0,0.0,0.0,,0
8204,E81_I2_P3,,0.0,0.0,0.0,,0
8205,E81_I2_P4,,8.342394592232836e-06,3.286487288705705e-06,3.0248750600563736e-06,,3
8206,E81_I2_P5,,3.9931680145621573e-05,1.6124886104008284e-05,1.557338708376647e-05,,14
8207,E81_I2_P6,,0.0,0.0,0.0,,0
8208,E81_I2_P7,,0.0,0.0,0.0,,0
8209,E81_I2_P8,,0.0,0.0,0.0,,0
8210,E81_I2_P9,,0.0,0.0,0.0,,0
8211,E81_I2_P10,,0.0,0.0,0.0,,0
8212,E81_I2_P11,,0.0,0.0,0.0,,0
8213,E81_I2_P12,,0.0,0.0,0.0,,0
8214,E81_I2_P13,,0.0,0.0,0.0,,0
8215,E81_I2_P14,,0.0,0.0,0.0,,0
8216,E81_I2_P15,,0.0,0.0,0.0,,0
8217,E81_I2_P16,,0.0,0.0,0.0,,0
8218,E81_I2_P17,,0.0,0.0,0.0,,0
8219,E81_I2_P18,,0.0001213411359917495,5.785699860173546e-05,5.2152384438404536e-05,,54
8220,E81_I2_P19,,0.0,0.0,0.0,,0
8221,E81_I2_P20,,0.0,0.0,0.0,,0
8222,E81_I2_P21,,0.0,0.0,0.0,,0
8223,E81_I2_P22,,0.0,0.0,0.0,,0
8224,E81_I2_P23,,0.0,0.0,0.0,,0
8225,E81_I2_P24,,0.0,0.0,0.0,,0
8226,E81_I2_P25,,1.1242013743651926e-05,4.429082010528376e-06,4.118075520357449e-06,,4
8227,E81_I2_P26,,1.6664782710129676e-05,6.595439632025426e-06,6.0900628951245495e-06,,6
8228,E81_I2_P27,,0.0,0.0,0.0,,0
8229,E81_I2_P28,,2.6030615534376453e-06,1.0460312041217378e-06,9.222063602728255e-07,,1
8230,E81_I2_P29,,0.0,0.0,0.0,,0
8231,E81_I2_P30,,0.0,0.0,0.0,,0
8232,E81_I2_P31,,0.0,0.0,0.0,,0
8233,E81_I2_P32,,0.0,0.0,0.0,,0
8234,E81_I2_P33,,0.0,0.0,0.0,,0
8235,E81_I2_P34,,0.0,0.0,0.0,,0
8236,E81_I2_P35,,0.0,0.0,0.0,,0
8237,E81_I2_P36,,5.1167683842014485e-06,2.052045540820052e-06,1.7775407723414657e-06,,2
8238,E81_I2_P37,,0.0,0.0,0.0,,0
8239,E81_I2_P38,,0.0,0.0,0.0,,0
8240,E81_I2_P39,,0.0,0.0,0.0,,0
8241,E81_I2_P40,,2.073623365030146e-05,8.450670212907716e-06,7.517846663180266e-06,,8
8242,E81_I2_P41,,0.0,0.0,0.0,,0
8243,E81_I2_P42,,0.0,0.0,0.0,,0
8244,E81_I2_P43,,0.0,0.0,0.0,,0
8245,E81_I2_P44,,0.0,0.0,0.0,,0
8246,E81_I2_P45,,0.0,0.0,0.0,,0
8247,E81_I2_P46,,0.0,0.0,0.0,,0
8248,E81_I2_P47,,2.772641098655703e-06,1.0847885832631477e-06,9.892371003482115e-07,,1
8249,E81_I2_P48,,0.0,0.0,0.0,,0
8250,E81_I2_P49,,0.0,0.0,0.0,,0
8251,E81_I2_P50,,0.0,0.0,0.0,,0
8252,E81_I2_P51,,0.0,0.0,0.0,,0
8253,E81_I2_P52,,5.546173352388602e-06,2.1729142051170317e-06,1.984381922082252e-06,,2
8254,E81_I2_P53,,0.0,0.0,0.0,,0
8255,E81_I2_P54,,0.0,0.0,0.0,,0
8256,E81_I2_P55,,2.521920302262025e-06,1.0203512726355897e-06,8.794349630362493e-07,,1
8257,E81_I2_P56,,0.0,0.0,0.0,,0
8258,E81_I2_P57,,0.0,0.0,0.0,,0
8259,E81_I2_P58,,0.0,0.0,0.0,,0
8260,E81_I2_P59,,0.0,0.0,0.0,,0
8261,E81_I2_P60,,2.4408858593135926e-06,9.976264328921827e-07,8.426509461706149e-07,,1
8262,E81_I2_P61,,0.0,0.0,0.0,,0
8263,E81_I2_P62,,0.0,0.0,0.0,,0
8264,E81_I2_P63,,0.0,0.0,0.0,,0
8265,E81_I2_P64,,0.0,0.0,0.0,,0
8266,E81_I2_P65,,0.0,0.0,0.0,,0
8267,E81_I2_P66,,0.0,0.0,0.0,,0
8268,E81_I2_P67,,0.0,0.0,0.0,,0
8269,E81_I2_P68,,0.0,0.0,0.0,,0
8270,E81_I2_P69,,0.0,0.0,0.0,,0
8271,E81_I2_P70,,2.5783033749445244e-06,1.0435962839922426e-06,9.180953377741604e-07,,1
8272,E81_I2_P71,,0.0,0.0,0.0,,0
8273,E81_I2_P72,,0.0,0.0,0.0,,0
8274,E81_I2_P73,,0.0,0.0,0.0,,0
8275,E81_I2_P74,,0.0,0.0,0.0,,0
8276,E81_I2_P75,,0.0,0.0,0.0,,0
8277,E81_I2_P76,,0.0,0.0,0.0,,0
8278,E81_I2_P77,,0.0,0.0,0.0,,0
8279,E81_I2_P78,,0.0,0.0,0.0,,0
8280,E81_I2_P79,,0.0,0.0,0.0,,0
8281,E81_I2_P80,,0.0,0.0,0.0,,0
8282,E81_I2_P81,,0.0,0.0,0.0,,0
8283,E81_I2_P82,,1.7183893539392906e-05,6.743381809439554e-06,6.359907145355678e-06,,6
8284,E81_I2_P83,,0.0,0.0,0.0,,0
8285,E81_I2_P84,,0.0,0.0,0.0,,0
8286,E81_I2_P85,,0.0,0.0,0.0,,0
8287,E81_I2_P86,,7.853653532492584e-06,3.1092243897224934e-06,2.7180819039620126e-06,,3
8288,E81_I2_P87,,2.47778317318682e-06,1.019666989460972e-06,8.783128313160684e-07,,1
8289,E81_I2_P88,,0.0,0.0,0.0,,0
8290,E81_I2_P89,,0.0,0.0,0.0,,0
8291,E81_I2_P90,,0.0,0.0,0.0,,0
8292,E81_I2_P91,,1.540957802517152e-05,6.323895025532176e-06,5.614276731442944e-06,,6
8293,E81_I2_P92,,0.0,0.0,0.0,,0
8294,E81_I2_P93,,2.6804246437113903e-06,1.0566290708383034e-06,9.402362343538814e-07,,1
8295,E81_I2_P94,,0.0,0.0,0.0,,0
8296,E81_I2_P95,,0.0,0.0,0.0,,0
8297,E81_I2_P96,,0.0,0.0,0.0,,0
8298,E81_I2_P97,,0.0,0.0,0.0,,0
8299,E81_I2_P98,,0.0,0.0,0.0,,0
8300,E81_I2_P99,,0.0,0.0,0.0,,0
8301,E82_I2_P0,,0.0,0.0,0.0,,0
8302,E82_I2_P1,,0.0,0.0,0.0,,0
8303,E82_I2_P2,,2.6621087255950505e-06,1.0424572663142483e-06,9.161762833110244e-07,,1
8304,E82_I2_P3,,0.0,0.0,0.0,,0
8305,E82_I2_P4,,0.0,0.0,0.0,,0
8306,E82_I2_P5,,0.0,0.0,0.0,,0
8307,E82_I2_P6,,6.193791934685211e-06,2.3372710883251804e-06,2.2897606198382e-06,,2
8308,E82_I2_P7,,0.0,0.0,0.0,,0
8309,E82_I2_P8,,0.0,0.0,0.0,,0
8310,E82_I2_P9,,9.006788962500382e-06,3.478872742834648e-06,3.3822996367973906e-06,,3
8311,E82_I2_P10,,4.811701558144237e-06,1.9980324069752066e-06,1.6897443501285472e-06,,2
8312,E82_I2_P11,,0.0,0.0,0.0,,0
8313,E82_I2_P12,,0.0,0.0,0.0,,0
8314,E82_I2_P13,,0.0,0.0,0.0,,0
8315,E82_I2_P14,,0.0,0.0,0.0,,0
8316,E82_I2_P15,,3.0662381664504688e-06,1.1778264293481892e-06,1.1628583057154487e-06,,1
8317,E82_I2_P16,,0.0,0.0,0.0,,0
8318,E82_I2_P17,,5.60167146291351e-06,2.2028743068883867e-06,2.0379335862918398e-06,,2
8319,E82_I2_P18,,0.0,0.0,0.0,,0
8320,E82_I2_P19,,0.0,0.0,0.0,,0
8321,E82_I2_P20,,0.0,0.0,0.0,,0
8322,E82_I2_P21,,0.0,0.0,0.0,,0
8323,E82_I2_P22,,0.0,0.0,0.0,,0
8324,E82_I2_P23,,1.7415190131684487e-05,6.798041993487511e-06,6.461544923083385e-06,,6
8325,E82_I2_P24,,0.0,0.0,0.0,,0
8326,E82_I2_P25,,0.0,0.0,0.0,,0
8327,E82_I2_P26,,0.0,0.0,0.0,,0
8328,E82_I2_P27,,0.0,0.0,0.0,,0
8329,E82_I2_P28,,0.0,0.0,0.0,,0
8330,E82_I2_P29,,0.0,0.0,0.0,,0
8331,E82_I2_P30,,0.0,0.0,0.0,,0
8332,E82_I2_P31,,0.0,0.0,0.0,,0
8333,E82_I2_P32,,0.0,0.0,0.0,,0
8334,E82_I2_P33,,2.664669951585717e-06,1.0538357955855531e-06,9.354624458601109e-07,,1
8335,E82_I2_P34,,5.3071211325644056e-06,2.0973173958074065e-06,1.8533113345277927e-06,,2
8336,E82_I2_P35,,0.0,0.0,0.0,,0
8337,E82_I2_P36,,0.0,0.0,0.0,,0
8338,E82_I2_P37,,0.0,0.0,0.0,,0
8339,E82_I2_P38,,0.0,0.0,0.0,,0
8340,E82_I2_P39,,0.0,0.0,0.0,,0
8341,E82_I2_P40,,0.0,0.0,0.0,,0
8342,E82_I2_P41,,0.0,0.0,0.0,,0
8343,E82_I2_P42,,0.0,0.0,0.0,,0
8344,E82_I2_P43,,0.0,0.0,0.0,,0
8345,E82_I2_P44,,0.0,0.0,0.0,,0
8346,E82_I2_P45,,0.0,0.0,0.0,,0
8347,E82_I2_P46,,0.0,0.0,0.0,,0
8348,E82_I2_P47,,0.0,0.0,0.0,,0
8349,E82_I2_P48,,3.8313167088429644e-05,1.6463296273107987e-05,1.4297969688304261e-05,,16
8350,E82_I2_P49,,5.795660853896355e-06,2.2432618099063715e-06,2.1115962796840947e-06,,2
8351,E82_I2_P50,,0.0,0.0,0.0,,0
8352,E82_I2_P51,,8.410396122740247e-06,3.2682317340371945e-06,2.9923008100158292e-06,,3
8353,E82_I2_P52,,0.0,0.0,0.0,,0
8354,E82_I2_P53,,0.0,0.0,0.0,,0
8355,E82_I2_P54,,0.0,0.0,0.0,,0
8356,E82_I2_P55,,0.0,0.0,0.0,,0
8357,E82_I2_P56,,0.0,0.0,0.0,,0
8358,E82_I2_P57,,1.37637289316741e-05,5.452797970706269e-06,4.997390113013479e-06,,5
8359,E82_I2_P58,,0.0,0.0,0.0,,0
8360,E82_I2_P59,,5.2502837603151106e-06,2.1210125883841638e-06,1.8937766475087488e-06,,2
8361,E82_I2_P60,,0.0,0.0,0.0,,0
8362,E82_I2_P61,,8.740941891907579e-06,3.3829210235825625e-06,3.2007715993402145e-06,,3
8363,E82_I2_P62,,0.0,0.0,0.0,,0
8364,E82_I2_P63,,5.602395015122235e-05,2.2515623009950877e-05,2.236461024075503e-05,,19
8365,E82_I2_P64,,0.0,0.0,0.0,,0
8366,E82_I2_P65,,0.0,0.0,0.0,,0
8367,E82_I2_P66,,0.0,0.0,0.0,,0
8368,E82_I2_P67,,0.0,0.0,0.0,,0
8369,E82_I2_P68,,0.0,0.0,0.0,,0
8370,E82_I2_P69,,0.0,0.0,0.0,,0
8371,E82_I2_P70,,0.0,0.0,0.0,,0
8372,E82_I2_P71,,2.994696860189017e-06,1.1333358307833576e-06,1.07753889039894e-06,,1
8373,E82_I2_P72,,5.136650098882561e-06,2.071139251976561e-06,1.8092523355186086e-06,,2
8374,E82_I2_P73,,0.0,0.0,0.0,,0
8375,E82_I2_P74,,2.3458043343774564e-06,9.6712229271643e-07,7.948138396959838e-07,,1
8376,E82_I2_P75,,7.0820564825137516e-06,2.9279563376334765e-06,2.4256007606683987e-06,,3
8377,E82_I2_P76,,5.346149084629998e-06,2.1426777508791946e-06,1.931266700930557e-06,,2
8378,E82_I2_P77,,4.744540134327678e-05,2.060559963274053e-05,1.791637888483083e-05,,20
8379,E82_I2_P78,,0.0,0.0,0.0,,0
8380,E82_I2_P79,,0.0,0.0,0.0,,0
8381,E82_I2_P80,,0.0,0.0,0.0,,0
8382,E82_I2_P81,,0.0,0.0,0.0,,0
8383,E82_I2_P82,,0.0,0.0,0.0,,0
8384,E82_I2_P83,,0.0,0.0,0.0,,0
8385,E82_I2_P84,,0.0,0.0,0.0,,0
8386,E82_I2_P85,,3.251033415432879e-05,1.270037458451873e-05,1.2295173585496166e-05,,11
8387,E82_I2_P86,,0.0,0.0,0.0,,0
8388,E82_I2_P87,,0.0,0.0,0.0,,0
8389,E82_I2_P88,,0.0,0.0,0.0,,0
8390,E82_I2_P89,,0.0,0.0,0.0,,0
8391,E82_I2_P90,,0.0,0.0,0.0,,0
8392,E82_I2_P91,,0.0,0.0,0.0,,0
8393,E82_I2_P92,,0.0,0.0,0.0,,0
8394,E82_I2_P93,,0.0,0.0,0.0,,0
8395,E82_I2_P94,,7.847804810192334e-06,3.1919137011530423e-06,2.8585755479829775e-06,,3
8396,E82_I2_P95,,0.0,0.0,0.0,,0
8397,E82_I2_P96,,2.767841217810421e-06,1.0779989627920122e-06,9.772756535469853e-07,,1
8398,E82_I2_P97,,0.0,0.0,0.0,,0
8399,E82_I2_P98,,0.0,0.0,0.0,,0
8400,E82_I2_P99,,0.0,0.0,0.0,,0
8401,E83_I2_P0,,0.0,0.0,0.0,,0
8402,E83_I2_P1,,0.0,0.0,0.0,,0
8403,E83_I2_P2,,0.0,0.0,0.0,,0
8404,E83_I2_P3,,2.6450773025965826e-06,1.0498914367561202e-06,9.287478574947863e-07,,1
8405,E83_I2_P4,,0.0,0.0,0.0,,0
8406,E83_I2_P5,,0.0,0.0,0.0,,0
8407,E83_I2_P6,,0.0,0.0,0.0,,0
8408,E83_I2_P7,,1.0250314581139182e-05,4.166391419607753e-06,3.6589200468799134e-06,,4
8409,E83_I2_P8,,0.0,0.0,0.0,,0
8410,E83_I2_P9,,0.0,0.0,0.0,,0
8411,E83_I2_P10,,0.0,0.0,0.0,,0
8412,E83_I2_P11,,0.0,0.0,0.0,,0
8413,E83_I2_P12,,7.605590837244214e-06,3.0669290190398886e-06,2.647954455183371e-06,,3
8414,E83_I2_P13,,0.0,0.0,0.0,,0
8415,E83_I2_P14,,0.0,0.0,0.0,,0
8416,E83_I2_P15,,0.0,0.0,0.0,,0
8417,E83_I2_P16,,0.0,0.0,0.0,,0
8418,E83_I2_P17,,8.895154405935536e-06,3.4478475288057086e-06,3.322882866717507e-06,,3
8419,E83_I2_P18,,0.0,0.0,0.0,,0
8420,E83_I2_P19,,0.0,0.0,0.0,,0
8421,E83_I2_P20,,3.273858915415215e-06,1.2035609212890595e-06,1.214193067018297e-06,,1
8422,E83_I2_P21,,0.0,0.0,0.0,,0
8423,E83_I2_P22,,2.932715885202038e-06,1.1124686351115671e-06,1.0389815487266762e-06,,1
8424,E83_I2_P23,,0.0,0.0,0.0,,0
8425,E83_I2_P24,,0.0,0.0,0.0,,0
8426,E83_I2_P25,,0.0,0.0,0.0,,0
8427,E83_I2_P26,,0.0,0.0,0.0,,0
8428,E83_I2_P27,,0.0,0.0,0.0,,0
8429,E83_I2_P28,,0.0,0.0,0.0,,0
8430,E83_I2_P29,,0.0,0.0,0.0,,0
8431,E83_I2_P30,,0.0,0.0,0.0,,0
8432,E83_I2_P31,,1.2837986811054264e-05,5.2227804770064235e-06,4.598572235292387e-06,,5
8433,E83_I2_P32,,0.0,0.0,0.0,,0
8434,E83_I2_P33,,0.0,0.0,0.0,,0
8435,E83_I2_P34,,0.0,0.0,0.0,,0
8436,E83_I2_P35,,2.5888794207266333e-06,1.0451167792481793e-06,9.206611083286687e-07,,1
8437,E83_I2_P36,,0.0,0.0,0.0,,0
8438,E83_I2_P37,,0.0,0.0,0.0,,0
8439,E83_I2_P38,,0.0,0.0,0.0,,0
8440,E83_I2_P39,,0.0,0.0,0.0,,0
8441,E83_I2_P40,,0.0,0.0,0.0,,0
8442,E83_I2_P41,,0.0,0.0,0.0,,0
8443,E83_I2_P42,,0.0,0.0,0.0,,0
8444,E83_I2_P43,,0.0,0.0,0.0,,0
8445,E83_I2_P44,,0.0,0.0,0.0,,0
8446,E83_I2_P45,,0.0,0.0,0.0,,0
8447,E83_I2_P46,,0.0,0.0,0.0,,0
8448,E83_I2_P47,,3.115604185945649e-06,1.1818410697572115e-06,1.1707696288309046e-06,,1
8449,E83_I2_P48,,0.0,0.0,0.0,,0
8450,E83_I2_P49,,0.0,0.0,0.0,,0
8451,E83_I2_P50,,8.393967889009092e-06,3.332199753152481e-06,3.1074485801420052e-06,,3
8452,E83_I2_P51,,0.0,0.0,0.0,,0
8453,E83_I2_P52,,0.0,0.0,0.0,,0
8454,E83_I2_P53,,0.0,0.0,0.0,,0
8455,E83_I2_P54,,8.64665675006213e-06,3.3674341028738216e-06,3.1720856463124504e-06,,3
8456,E83_I2_P55,,5.053319364068185e-06,2.0559975095325415e-06,1.7840751666549215e-06,,2
8457,E83_I2_P56,,0.0,0.0,0.0,,0
8458,E83_I2_P57,,0.0,0.0,0.0,,0
8459,E83_I2_P58,,0.0,0.0,0.0,,0
8460,E83_I2_P59,,0.0,0.0,0.0,,0
8461,E83_I2_P60,,2.4454716699639923e-06,1.0098242740453383e-06,8.6227208262636e-07,,1
8462,E83_I2_P61,,0.0,0.0,0.0,,0
8463,E83_I2_P62,,0.0,0.0,0.0,,0
8464,E83_I2_P63,,0.0,0.0,0.0,,0
8465,E83_I2_P64,,1.773719489873785e-05,7.162210517238257e-06,6.188501763723003e-06,,7
8466,E83_I2_P65,,0.0,0.0,0.0,,0
8467,E83_I2_P66,,0.0,0.0,0.0,,0
8468,E83_I2_P67,,0.0,0.0,0.0,,0
8469,E83_I2_P68,,3.027366708897322e-06,1.150093723002097e-06,1.1091728315879113e-06,,1
8470,E83_I2_P69,,0.0,0.0,0.0,,0
8471,E83_I2_P70,,0.0,0.0,0.0,,0
8472,E83_I2_P71,,0.0,0.0,0.0,,0
8473,E83_I2_P72,,0.0,0.0,0.0,,0
8474,E83_I2_P73,,2.3798165446815146e-06,9.8060906354976e-07,8.157488472449103e-07,,1
8475,E83_I2_P74,,0.0,0.0,0.0,,0
8476,E83_I2_P75,,2.6921290931572983e-06,1.0754579647464657e-06,9.728232107835507e-07,,1
8477,E83_I2_P76,,0.0,0.0,0.0,,0
8478,E83_I2_P77,,5.731754648146808e-06,2.210564783501996e-06,2.0518292057369144e-06,,2
8479,E83_I2_P78,,1.6704156118680498e-05,6.647452142425998e-06,6.184065621181662e-06,,6
8480,E83_I2_P79,,0.0,0.0,0.0,,0
8481,E83_I2_P80,,5.274088532728808e-06,2.1149383091318274e-06,1.8833500088282034e-06,,2
8482,E83_I2_P81,,5.43007111378924e-06,2.183635740395446e-06,2.00343990631915e-06,,2
8483,E83_I2_P82,,0.0,0.0,0.0,,0
8484,E83_I2_P83,,0.0,0.0,0.0,,0
8485,E83_I2_P84,,0.0,0.0,0.0,,0
8486,E83_I2_P85,,0.0,0.0,0.0,,0
8487,E83_I2_P86,,0.0,0.0,0.0,,0
8488,E83_I2_P87,,0.0,0.0,0.0,,0
8489,E83_I2_P88,,6.418811072741066e-06,2.3726363971142878e-06,2.3592688743721765e-06,,2
8490,E83_I2_P89,,0.0,0.0,0.0,,0
8491,E83_I2_P90,,2.782594920454443e-06,1.0858130416097583e-06,9.910500745393538e-07,,1
8492,E83_I2_P91,,0.0,0.0,0.0,,0
8493,E83_I2_P92,,2.869030062247446e-06,1.1007582753815621e-06,1.017743337343242e-06,,1
8494,E83_I2_P93,,4.9479637171293795e-06,2.0116660235855567e-06,1.711641106516068e-06,,2
8495,E83_I2_P94,,0.0,0.0,0.0,,0
8496,E83_I2_P95,,0.0001363713176335605,6.136639685400542e-05,6.189307243582918e-05,,51
8497,E83_I2_P96,,1.8577926276649344e-05,7.489679403652031e-06,6.742568726039801e-06,,7
8498,E83_I2_P97,,0.0,0.0,0.0,,0
8499,E83_I2_P98,,0.0,0.0,0.0,,0
8500,E83_I2_P99,,3.012103887653542e-06,1.1420224146864419e-06,1.0938615226005466e-06,,1
8501,E84_I2_P0,,2.8878125025553753e-06,1.104037525451266e-06,1.023661945878993e-06,,1
8502,E84_I2_P1,,0.0,0.0,0.0,,0
8503,E84_I2_P2,,7.424800033215408e-06,3.0645523670819733e-06,2.644048302355737e-06,,3
8504,E84_I2_P3,,0.0,0.0,0.0,,0
8505,E84_I2_P4,,0.0,0.0,0.0,,0
8506,E84_I2_P5,,0.0,0.0,0.0,,0
8507,E84_I2_P6,,0.0,0.0,0.0,,0
8508,E84_I2_P7,,0.0,0.0,0.0,,0
8509,E84_I2_P8,,0.0,0.0,0.0,,0
8510,E84_I2_P9,,0.0,0.0,0.0,,0
8511,E84_I2_P10,,7.114217086341671e-05,3.124136677897505e-05,2.8304854014055314e-05,,29
8512,E84_I2_P11,,4.933369530486025e-06,2.0230174440456704e-06,1.7300080272372463e-06,,2
8513,E84_I2_P12,,2.930977974632952e-06,1.1255306491200654e-06,1.063009347572698e-06,,1
8514,E84_I2_P13,,0.0,0.0,0.0,,0
8515,E84_I2_P14,,2.7028599306060276e-06,1.0683409178354888e-06,9.604219709971774e-07,,1
8516,E84_I2_P15,,0.0,0.0,0.0,,0
8517,E84_I2_P16,,0.0,0.0,0.0,,0
8518,E84_I2_P17,,0.0,0.0,0.0,,0
8519,E84_I2_P18,,0.0,0.0,0.0,,0
8520,E84_I2_P19,,2.7178847279706752e-06,1.0829512970977992e-06,9.859910393134348e-07,,1
8521,E84_I2_P20,,0.0,0.0,0.0,,0
8522,E84_I2_P21,,0.0,0.0,0.0,,0
8523,E84_I2_P22,,0.0,0.0,0.0,,0
8524,E84_I2_P23,,0.0,0.0,0.0,,0
8525,E84_I2_P24,,8.820100058622453e-06,3.4049635081415614e-06,3.241892162779728e-06,,3
8526,E84_I2_P25,,5.166131347538602e-06,2.096044774093998e-06,1.8511538126016834e-06,,2
8527,E84_I2_P26,,0.0,0.0,0.0,,0
8528,E84_I2_P27,,0.0,0.0,0.0,,0
8529,E84_I2_P28,,0.0,0.0,0.0,,0
8530,E84_I2_P29,,0.0,0.0,0.0,,0
8531,E84_I2_P30,,0.0,0.0,0.0,,0
8532,E84_I2_P31,,0.0,0.0,0.0,,0
8533,E84_I2_P32,,0.0,0.0,0.0,,0
8534,E84_I2_P33,,0.0,0.0,0.0,,0
8535,E84_I2_P34,,0.0,0.0,0.0,,0
8536,E84_I2_P35,,0.0,0.0,0.0,,0
8537,E84_I2_P36,,0.0,0.0,0.0,,0
8538,E84_I2_P37,,2.8641552529273985e-06,1.0974915631042281e-06,1.0118694819911265e-06,,1
8539,E84_I2_P38,,0.0,0.0,0.0,,0
8540,E84_I2_P39,,0.0,0.0,0.0,,0
8541,E84_I2_P40,,2.7339846072112853e-06,1.064749629012803e-06,9.542030257777947e-07,,1
8542,E84_I2_P41,,0.0,0.0,0.0,,0
8543,E84_I2_P42,,0.0,0.0,0.0,,0
8544,E84_I2_P43,,0.0,0.0,0.0,,0
8545,E84_I2_P44,,0.0,0.0,0.0,,0
8546,E84_I2_P45,,0.0,0.0,0.0,,0
8547,E84_I2_P46,,0.0,0.0,0.0,,0
8548,E84_I2_P47,,0.0,0.0,0.0,,0
8549,E84_I2_P48,,2.7877333540208996e-05,1.1087154074859608e-05,1.032143529879265e-05,,10
8550,E84_I2_P49,,0.0,0.0,0.0,,0
8551,E84_I2_P50,,2.3471081572875742e-05,9.2170694794789e-06,8.904518792847779e-06,,8
8552,E84_I2_P51,,2.733086512924144e-06,1.0735078188525363e-06,9.694149580728032e-07,,1
8553,E84_I2_P52,,0.0,0.0,0.0,,0
8554,E84_I2_P53,,0.0,0.0,0.0,,0
8555,E84_I2_P54,,0.0,0.0,0.0,,0
8556,E84_I2_P55,,0.0,0.0,0.0,,0
8557,E84_I2_P56,,0.0,0.0,0.0,,0
8558,E84_I2_P57,,0.0,0.0,0.0,,0
8559,E84_I2_P58,,2.7153837720021623e-06,1.092128917609215e-06,1.0022746623461948e-06,,1
8560,E84_I2_P59,,0.0,0.0,0.0,,0
8561,E84_I2_P60,,0.0,0.0,0.0,,0
8562,E84_I2_P61,,0.0,0.0,0.0,,0
8563,E84_I2_P62,,0.0,0.0,0.0,,0
8564,E84_I2_P63,,0.0,0.0,0.0,,0
8565,E84_I2_P64,,0.0,0.0,0.0,,0
8566,E84_I2_P65,,0.0,0.0,0.0,,0
8567,E84_I2_P66,,0.0,0.0,0.0,,0
8568,E84_I2_P67,,4.372917850076503e-05,1.867870862576633e-05,1.63475785830373e-05,,18
8569,E84_I2_P68,,0.0,0.0,0.0,,0
8570,E84_I2_P69,,0.0,0.0,0.0,,0
8571,E84_I2_P70,,0.0,0.0,0.0,,0
8572,E84_I2_P71,,0.0,0.0,0.0,,0
8573,E84_I2_P72,,0.0,0.0,0.0,,0
8574,E84_I2_P73,,0.0,0.0,0.0,,0
8575,E84_I2_P74,,0.0,0.0,0.0,,0
8576,E84_I2_P75,,0.0,0.0,0.0,,0
8577,E84_I2_P76,,0.0,0.0,0.0,,0
8578,E84_I2_P77,,0.0,0.0,0.0,,0
8579,E84_I2_P78,,0.0,0.0,0.0,,0
8580,E84_I2_P79,,0.0,0.0,0.0,,0
8581,E84_I2_P80,,0.0,0.0,0.0,,0
8582,E84_I2_P81,,0.0,0.0,0.0,,0
8583,E84_I2_P82,,0.0,0.0,0.0,,0
8584,E84_I2_P83,,0.0,0.0,0.0,,0
8585,E84_I2_P84,,0.0,0.0,0.0,,0
8586,E84_I2_P85,,2.965218966263832e-06,1.134987836047187e-06,1.080630720926576e-06,,1
8587,E84_I2_P86,,7.431370012067962e-06,3.03885704405832e-06,2.6020491136770207e-06,,3
8588,E84_I2_P87,,0.0,0.0,0.0,,0
8589,E84_I2_P88,,0.0,0.0,0.0,,0
8590,E84_I2_P89,,0.0,0.0,0.0,,0
8591,E84_I2_P90,,0.0,0.0,0.0,,0
8592,E84_I2_P91,,0.0,0.0,0.0,,0
8593,E84_I2_P92,,0.0,0.0,0.0,,0
8594,E84_I2_P93,,8.098237906781583e-06,3.2111120185257926e-06,2.891844997108155e-06,,3
8595,E84_I2_P94,,2.6415437796516526e-06,1.0606537500620143e-06,9.471419045887132e-07,,1
8596,E84_I2_P95,,5.894187703215455e-06,2.2631873608033105e-06,2.1485692677246224e-06,,2
8597,E84_I2_P96,,0.0,0.0,0.0,,0
8598,E84_I2_P97,,2.8288817892283063e-06,1.0988881889769863e-06,1.0143780480475378e-06,,1
8599,E84_I2_P98,,0.0,0.0,0.0,,0
8600,E84_I2_P99,,0.0,0.0,0.0,,0
8601,E85_I2_P0,,0.0,0.0,0.0,,0
8602,E85_I2_P1,,0.0,0.0,0.0,,0
8603,E85_I2_P2,,0.0,0.0,0.0,,0
8604,E85_I2_P3,,0.0,0.0,0.0,,0
8605,E85_I2_P4,,0.0,0.0,0.0,,0
8606,E85_I2_P5,,0.0,0.0,0.0,,0
8607,E85_I2_P6,,0.0,0.0,0.0,,0
8608,E85_I2_P7,,0.0,0.0,0.0,,0
8609,E85_I2_P8,,0.0,0.0,0.0,,0
8610,E85_I2_P9,,0.0,0.0,0.0,,0
8611,E85_I2_P10,,0.0,0.0,0.0,,0
8612,E85_I2_P11,,2.513749971837058e-05,1.0110598224775314e-05,9.531586087696947e-06,,9
8613,E85_I2_P12,,0.0,0.0,0.0,,0
8614,E85_I2_P13,,0.0,0.0,0.0,,0
8615,E85_I2_P14,,8.184903213123207e-06,3.2566335851537094e-06,2.971724045705116e-06,,3
8616,E85_I2_P15,,0.0,0.0,0.0,,0
8617,E85_I2_P16,,2.919209868626613e-06,1.1222695349489101e-06,1.0569768664758118e-06,,1
8618,E85_I2_P17,,0.0,0.0,0.0,,0
8619,E85_I2_P18,,5.392716307905397e-06,2.1289891234639685e-06,1.907524636276779e-06,,2
8620,E85_I2_P19,,0.0,0.0,0.0,,0
8621,E85_I2_P20,,0.0,0.0,0.0,,0
8622,E85_I2_P21,,0.0,0.0,0.0,,0
8623,E85_I2_P22,,0.0,0.0,0.0,,0
8624,E85_I2_P23,,0.0,0.0,0.0,,0
8625,E85_I2_P24,,0.0,0.0,0.0,,0
8626,E85_I2_P25,,0.0,0.0,0.0,,0
8627,E85_I2_P26,,0.0,0.0,0.0,,0
8628,E85_I2_P27,,0.0,0.0,0.0,,0
8629,E85_I2_P28,,0.0,0.0,0.0,,0
8630,E85_I2_P29,,0.0,0.0,0.0,,0
8631,E85_I2_P30,,0.0,0.0,0.0,,0
8632,E85_I2_P31,,1.9952001901938718e-05,7.934806252912534e-06,7.545493938812512e-06,,7
8633,E85_I2_P32,,0.0,0.0,0.0,,0
8634,E85_I2_P33,,0.0,0.0,0.0,,0
8635,E85_I2_P34,,2.4301624067575526e-06,9.990466608880566e-07,8.449208953373252e-07,,1
8636,E85_I2_P35,,1.0228490392588151e-05,4.140699596645991e-06,3.615868237761416e-06,,4
8637,E85_I2_P36,,0.0,0.0,0.0,,0
8638,E85_I2_P37,,0.0,0.0,0.0,,0
8639,E85_I2_P38,,0.00018210346846922557,9.1535874616298e-05,8.783805298171761e-05,,80
8640,E85_I2_P39,,5.6939265314045264e-06,2.2361483407704325e-06,2.0984982621811267e-06,,2
8641,E85_I2_P40,,8.070233539303455e-06,3.203013512389555e-06,2.8777806555584336e-06,,3
8642,E85_I2_P41,,0.0,0.0,0.0,,0
8643,E85_I2_P42,,0.0,0.0,0.0,,0
8644,E85_I2_P43,,2.5451747288567044e-06,1.0288965115683485e-06,8.93524493963572e-07,,1
8645,E85_I2_P44,,0.0,0.0,0.0,,0
8646,E85_I2_P45,,2.488298310189077e-06,1.0119073599369981e-06,8.656513442050486e-07,,1
8647,E85_I2_P46,,0.0,0.0,0.0,,0
8648,E85_I2_P47,,2.699546673645895e-06,1.0691173359471452e-06,9.617698874176215e-07,,1
8649,E85_I2_P48,,0.0,0.0,0.0,,0
8650,E85_I2_P49,,0.0,0.0,0.0,,0
8651,E85_I2_P50,,0.0,0.0,0.0,,0
8652,E85_I2_P51,,0.0,0.0,0.0,,0
8653,E85_I2_P52,,0.0,0.0,0.0,,0
8654,E85_I2_P53,,2.7390418969818e-06,1.0839622278926133e-06,9.877762686751452e-07,,1
8655,E85_I2_P54,,0.0,0.0,0.0,,0
8656,E85_I2_P55,,0.0,0.0,0.0,,0
8657,E85_I2_P56,,0.0,0.0,0.0,,0
8658,E85_I2_P57,,0.0,0.0,0.0,,0
8659,E85_I2_P58,,0.0,0.0,0.0,,0
8660,E85_I2_P59,,0.0,0.0,0.0,,0
8661,E85_I2_P60,,0.0,0.0,0.0,,0
8662,E85_I2_P61,,0.0,0.0,0.0,,0
8663,E85_I2_P62,,0.0,0.0,0.0,,0
8664,E85_I2_P63,,0.0,0.0,0.0,,0
8665,E85_I2_P64,,0.0,0.0,0.0,,0
8666,E85_I2_P65,,4.4985711463683266e-05,1.8997784149997598e-05,1.6887406966805927e-05,,18
8667,E85_I2_P66,,0.0,0.0,0.0,,0
8668,E85_I2_P67,,0.0,0.0,0.0,,0
8669,E85_I2_P68,,0.0,0.0,0.0,,0
8670,E85_I2_P69,,0.0,0.0,0.0,,0
8671,E85_I2_P70,,0.0,0.0,0.0,,0
8672,E85_I2_P71,,0.0,0.0,0.0,,0
8673,E85_I2_P72,,0.0,0.0,0.0,,0
8674,E85_I2_P73,,0.0,0.0,0.0,,0
8675,E85_I2_P74,,0.0,0.0,0.0,,0
8676,E85_I2_P75,,0.0,0.0,0.0,,0
8677,E85_I2_P76,,0.0,0.0,0.0,,0
8678,E85_I2_P77,,0.0,0.0,0.0,,0
8679,E85_I2_P78,,5.630691497486849e-06,2.1968913320512192e-06,2.0271655385912773e-06,,2
8680,E85_I2_P79,,7.638550130443577e-06,3.1057824429609238e-06,2.712331479454767e-06,,3
8681,E85_I2_P80,,2.1284447983613846e-05,8.574597676866162e-06,7.731836707474657e-06,,8
8682,E85_I2_P81,,0.0,0.0,0.0,,0
8683,E85_I2_P82,,0.0,0.0,0.0,,0
8684,E85_I2_P83,,0.0,0.0,0.0,,0
8685,E85_I2_P84,,0.0,0.0,0.0,,0
8686,E85_I2_P85,,0.0,0.0,0.0,,0
8687,E85_I2_P86,,1.4829002209721928e-05,5.7544061601993405e-06,5.553371229538604e-06,,5
8688,E85_I2_P87,,0.0,0.0,0.0,,0
8689,E85_I2_P88,,0.0,0.0,0.0,,0
8690,E85_I2_P89,,0.0,0.0,0.0,,0
8691,E85_I2_P90,,2.3826896862102206e-06,9.814876839751619e-07,8.171244776787128e-07,,1
8692,E85_I2_P91,,5.22552826587232e-06,2.1168916886469734e-06,1.8866990078321594e-06,,2
8693,E85_I2_P92,,0.0,0.0,0.0,,0
8694,E85_I2_P93,,0.0,0.0,0.0,,0
8695,E85_I2_P94,,0.0,0.0,0.0,,0
8696,E85_I2_P95,,7.911262119666278e-06,3.1768457387243977e-06,2.8326365047531644e-06,,3
8697,E85_I2_P96,,3.107571313168575e-06,1.1796630824706636e-06,1.1664732265232682e-06,,1
8698,E85_I2_P97,,0.0,0.0,0.0,,0
8699,E85_I2_P98,,1.3794235003910277e-05,5.801733903513912e-06,4.767343695684562e-06,,6
8700,E85_I2_P99,,0.0,0.0,0.0,,0
8701,E86_I2_P0,,0.0,0.0,0.0,,0
8702,E86_I2_P1,,0.0,0.0,0.0,,0
8703,E86_I2_P2,,1.003276433637045e-05,3.7079437618146906e-06,3.842983384861336e-06,,3
8704,E86_I2_P3,,0.0,0.0,0.0,,0
8705,E86_I2_P4,,0.0,0.0,0.0,,0
8706,E86_I2_P5,,0.0,0.0,0.0,,0
8707,E86_I2_P6,,0.0,0.0,0.0,,0
8708,E86_I2_P7,,0.0,0.0,0.0,,0
8709,E86_I2_P8,,2.8664128563453928e-06,1.109424463823219e-06,1.0334331113002294e-06,,1
8710,E86_I2_P9,,0.0,0.0,0.0,,0
8711,E86_I2_P10,,0.0,0.0,0.0,,0
8712,E86_I2_P11,,0.0,0.0,0.0,,0
8713,E86_I2_P12,,2.663446666420049e-06,1.0654145829400547e-06,9.553525537529114e-07,,1
8714,E86_I2_P13,,0.0,0.0,0.0,,0
8715,E86_I2_P14,,0.0,0.0,0.0,,0
8716,E86_I2_P15,,0.0,0.0,0.0,,0
8717,E86_I2_P16,,0.0,0.0,0.0,,0
8718,E86_I2_P17,,3.519953893505622e-05,1.4535799604556745e-05,1.3641773839852398e-05,,13
8719,E86_I2_P18,,0.0,0.0,0.0,,0
8720,E86_I2_P19,,0.0,0.0,0.0,,0
8721,E86_I2_P20,,2.606260679347983e-06,1.055112949650359e-06,9.376432103497058e-07,,1
8722,E86_I2_P21,,0.0,0.0,0.0,,0
8723,E86_I2_P22,,0.0,0.0,0.0,,0
8724,E86_I2_P23,,6.787740226419303e-05,3.0054910241784755e-05,2.627324446030906e-05,,29
8725,E86_I2_P24,,0.0,0.0,0.0,,0
8726,E86_I2_P25,,1.1492805821537301e-05,4.45713804842082e-06,4.169201845392967e-06,,4
8727,E86_I2_P26,,0.0,0.0,0.0,,0
8728,E86_I2_P27,,0.0,0.0,0.0,,0
8729,E86_I2_P28,,0.0,0.0,0.0,,0
8730,E86_I2_P29,,0.0,0.0,0.0,,0
8731,E86_I2_P30,,5.954167365217702e-06,2.275920037752889e-06,2.172415965519414e-06,,2
8732,E86_I2_P31,,0.0,0.0,0.0,,0
8733,E86_I2_P32,,0.0,0.0,0.0,,0
8734,E86_I2_P33,,0.0,0.0,0.0,,0
8735,E86_I2_P34,,0.0,0.0,0.0,,0
8736,E86_I2_P35,,2.7381440586282884e-06,1.0767256155256992e-06,9.750428043791123e-07,,1
8737,E86_I2_P36,,5.48608555372138e-06,2.166296540173763e-06,1.9726774312386297e-06,,2
8738,E86_I2_P37,,2.6681957998278716e-06,1.0477940874485651e-06,9.251900571674937e-07,,1
8739,E86_I2_P38,,0.0,0.0,0.0,,0
8740,E86_I2_P39,,0.0,0.0,0.0,,0
8741,E86_I2_P40,,0.0,0.0,0.0,,0
8742,E86_I2_P41,,2.7778427745124967e-06,1.0771455072708733e-06,9.757787324146376e-07,,1
8743,E86_I2_P42,,0.0,0.0,0.0,,0
8744,E86_I2_P43,,0.0,0.0,0.0,,0
8745,E86_I2_P44,,0.0,0.0,0.0,,0
8746,E86_I2_P45,,2.658569435356715e-06,1.060635103252495e-06,9.471098351436944e-07,,1
8747,E86_I2_P46,,0.0,0.0,0.0,,0
8748,E86_I2_P47,,0.0,0.0,0.0,,0
8749,E86_I2_P48,,0.0,0.0,0.0,,0
8750,E86_I2_P49,,0.0,0.0,0.0,,0
8751,E86_I2_P50,,0.0,0.0,0.0,,0
8752,E86_I2_P51,,0.0,0.0,0.0,,0
8753,E86_I2_P52,,0.0,0.0,0.0,,0
8754,E86_I2_P53,,0.0,0.0,0.0,,0
8755,E86_I2_P54,,0.0,0.0,0.0,,0
8756,E86_I2_P55,,0.0,0.0,0.0,,0
8757,E86_I2_P56,,0.0,0.0,0.0,,0
8758,E86_I2_P57,,0.0,0.0,0.0,,0
8759,E86_I2_P58,,0.0,0.0,0.0,,0
8760,E86_I2_P59,,2.66603683018012e-06,1.071135310285969e-06,9.652789173431663e-07,,1
8761,E86_I2_P60,,0.0,0.0,0.0,,0
8762,E86_I2_P61,,0.0,0.0,0.0,,0
8763,E86_I2_P62,,3.184112752107173e-06,1.180011111965247e-06,1.167159061895904e-06,,1
8764,E86_I2_P63,,0.0,0.0,0.0,,0
8765,E86_I2_P64,,0.0,0.0,0.0,,0
8766,E86_I2_P65,,0.0,0.0,0.0,,0
8767,E86_I2_P66,,0.0,0.0,0.0,,0
8768,E86_I2_P67,,5.444903386086526e-06,2.171467461921835e-06,1.981819285331193e-06,,2
8769,E86_I2_P68,,9.809439084572103e-06,3.97703910264449e-06,3.3491412801757632e-06,,4
8770,E86_I2_P69,,0.0,0.0,0.0,,0
8771,E86_I2_P70,,5.925933348662262e-06,2.275732377899798e-06,2.1720632483097278e-06,,2
8772,E86_I2_P71,,0.0,0.0,0.0,,0
8773,E86_I2_P72,,0.0,0.0,0.0,,0
8774,E86_I2_P73,,2.98153532566109e-06,1.1432804425218599e-06,1.0962388046612074e-06,,1
8775,E86_I2_P74,,0.0,0.0,0.0,,0
8776,E86_I2_P75,,5.33442056684379e-06,2.1224746400866116e-06,1.8962918013823968e-06,,2
8777,E86_I2_P76,,0.0,0.0,0.0,,0
8778,E86_I2_P77,,2.8745723389877817e-06,1.12791126414771e-06,1.0674272441590381e-06,,1
8779,E86_I2_P78,,0.0,0.0,0.0,,0
8780,E86_I2_P79,,0.0,0.0,0.0,,0
8781,E86_I2_P80,,4.795301858647028e-06,1.949735192607061e-06,1.6135903029677155e-06,,2
8782,E86_I2_P81,,2.778834899906417e-06,1.0792727205243629e-06,9.795125162109322e-07,,1
8783,E86_I2_P82,,0.0,0.0,0.0,,0
8784,E86_I2_P83,,0.0,0.0,0.0,,0
8785,E86_I2_P84,,0.0,0.0,0.0,,0
8786,E86_I2_P85,,0.0,0.0,0.0,,0
8787,E86_I2_P86,,2.616780960909246e-06,1.063013546565279e-06,9.512059865099967e-07,,1
8788,E86_I2_P87,,2.2761376736261922e-05,8.960754188020169e-06,8.423723838743602e-06,,8
8789,E86_I2_P88,,1.1343725729158148e-05,4.393314424313526e-06,4.053489852088156e-06,,4
8790,E86_I2_P89,,0.0,0.0,0.0,,0
8791,E86_I2_P90,,0.0,0.0,0.0,,0
8792,E86_I2_P91,,0.0,0.0,0.0,,0
8793,E86_I2_P92,,0.0,0.0,0.0,,0
8794,E86_I2_P93,,2.0617094709267358e-05,8.427540904926905e-06,7.478333864606635e-06,,8
8795,E86_I2_P94,,0.0,0.0,0.0,,0
8796,E86_I2_P95,,0.0,0.0,0.0,,0
8797,E86_I2_P96,,0.0,0.0,0.0,,0
8798,E86_I2_P97,,0.0,0.0,0.0,,0
8799,E86_I2_P98,,0.0,0.0,0.0,,0
8800,E86_I2_P99,,2.9091642187023907e-06,1.130549778152958e-06,1.0723377606585013e-06,,1
8801,E87_I2_P0,,0.0,0.0,0.0,,0
8802,E87_I2_P1,,2.85027718292707e-06,1.1011957730279194e-06,1.0185316745526483e-06,,1
8803,E87_I2_P2,,0.0,0.0,0.0,,0
8804,E87_I2_P3,,2.5025412976148578e-06,1.008038709687842e-06,8.593820999732088e-07,,1
8805,E87_I2_P4,,0.0,0.0,0.0,,0
8806,E87_I2_P5,,0.0,0.0,0.0,,0
8807,E87_I2_P6,,0.0,0.0,0.0,,0
8808,E87_I2_P7,,0.0,0.0,0.0,,0
8809,E87_I2_P8,,2.9218462441521662e-06,1.1267491038157807e-06,1.0652690336944597e-06,,1
8810,E87_I2_P9,,0.0,0.0,0.0,,0
8811,E87_I2_P10,,0.0,0.0,0.0,,0
8812,E87_I2_P11,,0.0,0.0,0.0,,0
8813,E87_I2_P12,,0.0,0.0,0.0,,0
8814,E87_I2_P13,,8.48590275183631e-06,3.337907516799593e-06,3.1178605864228086e-06,,3
8815,E87_I2_P14,,1.931601842029461e-05,8.192304718090194e-06,7.083971628693628e-06,,8
8816,E87_I2_P15,,0.0,0.0,0.0,,0
8817,E87_I2_P16,,5.3366417164205705e-06,2.10583349737923e-06,1.867790329328791e-06,,2
8818,E87_I2_P17,,0.0,0.0,0.0,,0
8819,E87_I2_P18,,0.0,0.0,0.0,,0
8820,E87_I2_P19,,1.4806450351366249e-05,5.720785199016785e-06,5.489486535387427e-06,,5
8821,E87_I2_P20,,0.0,0.0,0.0,,0
8822,E87_I2_P21,,0.0,0.0,0.0,,0
8823,E87_I2_P22,,0.0,0.0,0.0,,0
8824,E87_I2_P23,,2.5912830921695702e-06,1.0441979301526694e-06,9.191100441264733e-07,,1
8825,E87_I2_P24,,0.0,0.0,0.0,,0
8826,E87_I2_P25,,2.921046381626191e-06,1.1189825137963003e-06,1.0509191338744868e-06,,1
8827,E87_I2_P26,,0.0,0.0,0.0,,0
8828,E87_I2_P27,,0.0,0.0,0.0,,0
8829,E87_I2_P28,,0.0,0.0,0.0,,0
8830,E87_I2_P29,,0.0,0.0,0.0,,0
8831,E87_I2_P30,,2.7830253822412547e-06,1.0913133712513568e-06,1.0008206729518205e-06,,1
8832,E87_I2_P31,,0.0,0.0,0.0,,0
8833,E87_I2_P32,,7.429599413076272e-06,3.047658109677001e-06,2.616386691487455e-06,,3
8834,E87_I2_P33,,0.0,0.0,0.0,,0
8835,E87_I2_P34,,2.9056493505047807e-06,1.1108921106018042e-06,1.0361056931417574e-06,,1
8836,E87_I2_P35,,0.0,0.0,0.0,,0
8837,E87_I2_P36,,2.6812697603551648e-06,1.0638294014035925e-06,9.526136622898832e-07,,1
8838,E87_I2_P37,,1.0164417866257112e-05,4.134399629447902e-06,3.6053608109898607e-06,,4
8839,E87_I2_P38,,0.0,0.0,0.0,,0
8840,E87_I2_P39,,0.0,0.0,0.0,,0
8841,E87_I2_P40,,0.0,0.0,0.0,,0
8842,E87_I2_P41,,7.598287719536439e-05,3.3198657372307044e-05,3.085026412967806e-05,,30
8843,E87_I2_P42,,0.0,0.0,0.0,,0
8844,E87_I2_P43,,0.0,0.0,0.0,,0
8845,E87_I2_P44,,0.0,0.0,0.0,,0
8846,E87_I2_P45,,0.0,0.0,0.0,,0
8847,E87_I2_P46,,0.0,0.0,0.0,,0
8848,E87_I2_P47,,0.0,0.0,0.0,,0
8849,E87_I2_P48,,9.359841815433372e-06,3.581528690507792e-06,3.5839018297610797e-06,,3
8850,E87_I2_P49,,0.0,0.0,0.0,,0
8851,E87_I2_P50,,0.0,0.0,0.0,,0
8852,E87_I2_P51,,0.0,0.0,0.0,,0
8853,E87_I2_P52,,1.2205266679604676e-05,4.638659984106808e-06,4.510046834017592e-06,,4
8854,E87_I2_P53,,5.385825127882417e-06,2.1608837606915493e-06,1.963137191388699e-06,,2
8855,E87_I2_P54,,0.0,0.0,0.0,,0
8856,E87_I2_P55,,2.9189547280531793e-06,1.1332934517783382e-06,1.0774596518296882e-06,,1
8857,E87_I2_P56,,0.0,0.0,0.0,,0
8858,E87_I2_P57,,2.6575247061406227e-06,1.0535025653067848e-06,9.348939830223253e-07,,1
8859,E87_I2_P58,,2.891640778371055e-06,1.1274253189515089e-06,1.0665244634048794e-06,,1
8860,E87_I2_P59,,0.0,0.0,0.0,,0
8861,E87_I2_P60,,0.0,0.0,0.0,,0
8862,E87_I2_P61,,0.0,0.0,0.0,,0
8863,E87_I2_P62,,0.0,0.0,0.0,,0
8864,E87_I2_P63,,0.0,0.0,0.0,,0
8865,E87_I2_P64,,0.0,0.0,0.0,,0
8866,E87_I2_P65,,0.0,0.0,0.0,,0
8867,E87_I2_P66,,0.0,0.0,0.0,,0
8868,E87_I2_P67,,3.912211815821371e-05,1.63455790111638e-05,1.4969365194130214e-05,,15
8869,E87_I2_P68,,0.0,0.0,0.0,,0
8870,E87_I2_P69,,0.0,0.0,0.0,,0
8871,E87_I2_P70,,0.0,0.0,0.0,,0
8872,E87_I2_P71,,0.0,0.0,0.0,,0
8873,E87_I2_P72,,2.263422605315592e-05,8.631962809537202e-06,8.925269989417181e-06,,7
8874,E87_I2_P73,,0.0,0.0,0.0,,0
8875,E87_I2_P74,,0.0,0.0,0.0,,0
8876,E87_I2_P75,,0.0,0.0,0.0,,0
8877,E87_I2_P76,,0.0,0.0,0.0,,0
8878,E87_I2_P77,,1.1562209831822576e-05,4.547944005332309e-06,4.337512707556761e-06,,4
8879,E87_I2_P78,,0.0,0.0,0.0,,0
8880,E87_I2_P79,,0.0,0.0,0.0,,0
8881,E87_I2_P80,,0.0,0.0,0.0,,0
8882,E87_I2_P81,,0.0,0.0,0.0,,0
8883,E87_I2_P82,,0.0,0.0,0.0,,0
8884,E87_I2_P83,,0.0,0.0,0.0,,0
8885,E87_I2_P84,,0.0,0.0,0.0,,0
8886,E87_I2_P85,,0.0,0.0,0.0,,0
8887,E87_I2_P86,,1.701997321646201e-05,7.013003419817255e-06,5.94597487231019e-06,,7
8888,E87_I2_P87,,0.0,0.0,0.0,,0
8889,E87_I2_P88,,0.0,0.0,0.0,,0
8890,E87_I2_P89,,0.0,0.0,0.0,,0
8891,E87_I2_P90,,0.0,0.0,0.0,,0
8892,E87_I2_P91,,0.0,0.0,0.0,,0
8893,E87_I2_P92,,0.0,0.0,0.0,,0
8894,E87_I2_P93,,0.0,0.0,0.0,,0
8895,E87_I2_P94,,0.0,0.0,0.0,,0
8896,E87_I2_P95,,0.0,0.0,0.0,,0
8897,E87_I2_P96,,0.0,0.0,0.0,,0
8898,E87_I2_P97,,0.0,0.0,0.0,,0
8899,E87_I2_P98,,2.8033877568960556e-06,1.0935113180848646e-06,1.004742384052729e-06,,1
8900,E87_I2_P99,,0.0,0.0,0.0,,0
8901,E88_I2_P0,,0.0,0.0,0.0,,0
8902,E88_I2_P1,,5.557401789128725e-06,2.1725243094423718e-06,1.9836910837549093e-06,,2
8903,E88_I2_P2,,2.874419413238027e-06,1.1060537970155508e-06,1.0273121200229296e-06,,1
8904,E88_I2_P3,,0.0,0.0,0.0,,0
8905,E88_I2_P4,,0.0,0.0,0.0,,0
8906,E88_I2_P5,,2.9067015088767054e-06,1.1280447967981345e-06,1.0676754063906246e-06,,1
8907,E88_I2_P6,,0.0,0.0,0.0,,0
8908,E88_I2_P7,,0.0,0.0,0.0,,0
8909,E88_I2_P8,,0.0,0.0,0.0,,0
8910,E88_I2_P9,,0.0,0.0,0.0,,0
8911,E88_I2_P10,,0.0,0.0,0.0,,0
8912,E88_I2_P11,,0.0,0.0,0.0,,0
8913,E88_I2_P12,,0.0,0.0,0.0,,0
8914,E88_I2_P13,,0.0,0.0,0.0,,0
8915,E88_I2_P14,,0.0,0.0,0.0,,0
8916,E88_I2_P15,,0.0,0.0,0.0,,0
8917,E88_I2_P16,,0.0,0.0,0.0,,0
8918,E88_I2_P17,,2.5357993058271284e-06,1.012838103654905e-06,8.671639273680838e-07,,1
8919,E88_I2_P18,,0.0,0.0,0.0,,0
8920,E88_I2_P19,,7.551803227103805e-06,3.050961966268414e-06,2.6217817628860576e-06,,3
8921,E88_I2_P20,,0.0,0.0,0.0,,0
8922,E88_I2_P21,,0.0,0.0,0.0,,0
8923,E88_I2_P22,,0.0,0.0,0.0,,0
8924,E88_I2_P23,,0.0,0.0,0.0,,0
8925,E88_I2_P24,,0.0,0.0,0.0,,0
8926,E88_I2_P25,,0.0,0.0,0.0,,0
8927,E88_I2_P26,,0.0,0.0,0.0,,0
8928,E88_I2_P27,,2.6030615534376453e-06,1.0460312041217378e-06,9.222063602728255e-07,,1
8929,E88_I2_P28,,0.0,0.0,0.0,,0
8930,E88_I2_P29,,0.0,0.0,0.0,,0
8931,E88_I2_P30,,0.0,0.0,0.0,,0
8932,E88_I2_P31,,0.0,0.0,0.0,,0
8933,E88_I2_P32,,2.9225609466811443e-06,1.1231987341625568e-06,1.058693434671469e-06,,1
8934,E88_I2_P33,,0.0,0.0,0.0,,0
8935,E88_I2_P34,,0.0,0.0,0.0,,0
8936,E88_I2_P35,,0.0,0.0,0.0,,0
8937,E88_I2_P36,,0.0,0.0,0.0,,0
8938,E88_I2_P37,,0.0,0.0,0.0,,0
8939,E88_I2_P38,,0.0,0.0,0.0,,0
8940,E88_I2_P39,,0.0,0.0,0.0,,0
8941,E88_I2_P40,,1.5988998830505956e-05,6.842124517805632e-06,5.675663403971018e-06,,7
8942,E88_I2_P41,,0.0,0.0,0.0,,0
8943,E88_I2_P42,,0.0,0.0,0.0,,0
8944,E88_I2_P43,,0.0,0.0,0.0,,0
8945,E88_I2_P44,,0.0,0.0,0.0,,0
8946,E88_I2_P45,,0.0,0.0,0.0,,0
8947,E88_I2_P46,,5.609744723628745e-06,2.194549377151564e-06,2.02296060284226e-06,,2
8948,E88_I2_P47,,0.0,0.0,0.0,,0
8949,E88_I2_P48,,0.0,0.0,0.0,,0
8950,E88_I2_P49,,0.0,0.0,0.0,,0
8951,E88_I2_P50,,0.0,0.0,0.0,,0
8952,E88_I2_P51,,0.0,0.0,0.0,,0
8953,E88_I2_P52,,0.0,0.0,0.0,,0
8954,E88_I2_P53,,0.0,0.0,0.0,,0
8955,E88_I2_P54,,9.869572598433266e-06,4.045771285045183e-06,3.459588118736524e-06,,4
8956,E88_I2_P55,,2.5745855464521015e-06,1.035979092085312e-06,9.053102102017145e-07,,1
8957,E88_I2_P56,,0.0,0.0,0.0,,0
8958,E88_I2_P57,,0.0,0.0,0.0,,0
8959,E88_I2_P58,,0.0,0.0,0.0,,0
8960,E88_I2_P59,,0.0,0.0,0.0,,0
8961,E88_I2_P60,,0.0,0.0,0.0,,0
8962,E88_I2_P61,,0.0,0.0,0.0,,0
8963,E88_I2_P62,,0.0,0.0,0.0,,0
8964,E88_I2_P63,,0.0,0.0,0.0,,0
8965,E88_I2_P64,,0.0,0.0,0.0,,0
8966,E88_I2_P65,,2.7742988803490166e-06,1.0834600377366782e-06,9.868891772798375e-07,,1
8967,E88_I2_P66,,0.0,0.0,0.0,,0
8968,E88_I2_P67,,7.547050853038031e-06,3.092424883428693e-06,2.6900883694029348e-06,,3
8969,E88_I2_P68,,2.720392643444031e-06,1.0716365762597513e-06,9.66151836558026e-07,,1
8970,E88_I2_P69,,6.373564208019148e-05,2.8659927430129524e-05,2.4006125701040956e-05,,29
8971,E88_I2_P70,,0.0,0.0,0.0,,0
8972,E88_I2_P71,,2.6937029263401637e-06,1.0550979007700456e-06,9.376174951923664e-07,,1
8973,E88_I2_P72,,2.525041198309467e-06,1.0113619583068127e-06,8.647657673823324e-07,,1
8974,E88_I2_P73,,0.0,0.0,0.0,,0
8975,E88_I2_P74,,0.0,0.0,0.0,,0
8976,E88_I2_P75,,0.0,0.0,0.0,,0
8977,E88_I2_P76,,0.0,0.0,0.0,,0
8978,E88_I2_P77,,0.0,0.0,0.0,,0
8979,E88_I2_P78,,5.524732602161994e-06,2.217788929715404e-06,2.064938175751018e-06,,2
8980,E88_I2_P79,,0.0,0.0,0.0,,0
8981,E88_I2_P80,,0.0,0.0,0.0,,0
8982,E88_I2_P81,,0.0,0.0,0.0,,0
8983,E88_I2_P82,,0.0,0.0,0.0,,0
8984,E88_I2_P83,,0.0,0.0,0.0,,0
8985,E88_I2_P84,,0.0,0.0,0.0,,0
8986,E88_I2_P85,,0.0,0.0,0.0,,0
8987,E88_I2_P86,,0.0,0.0,0.0,,0
8988,E88_I2_P87,,2.9402914456899175e-06,1.1410761586389314e-06,1.092075626237117e-06,,1
8989,E88_I2_P88,,0.0,0.0,0.0,,0
8990,E88_I2_P89,,2.3885559029818492e-05,9.783984613212893e-06,8.940125742868574e-06,,9
8991,E88_I2_P90,,0.0,0.0,0.0,,0
8992,E88_I2_P91,,0.0,0.0,0.0,,0
8993,E88_I2_P92,,0.0,0.0,0.0,,0
8994,E88_I2_P93,,0.0,0.0,0.0,,0
8995,E88_I2_P94,,0.0,0.0,0.0,,0
8996,E88_I2_P95,,0.0,0.0,0.0,,0
8997,E88_I2_P96,,0.0,0.0,0.0,,0
8998,E88_I2_P97,,1.224202303794952e-05,4.71660655396458e-06,4.661863393416982e-06,,4
8999,E88_I2_P98,,6.19367743875282e-06,2.3567263967903498e-06,2.3278280200658775e-06,,2
9000,E88_I2_P99,,0.0,0.0,0.0,,0
9001,E89_I2_P0,,1.584533698687468e-05,6.3776311757166354e-06,5.706459712394431e-06,,6
9002,E89_I2_P1,,0.0,0.0,0.0,,0
9003,E89_I2_P2,,0.0,0.0,0.0,,0
9004,E89_I2_P3,,0.0,0.0,0.0,,0
9005,E89_I2_P4,,2.85143825232472e-06,1.1107007209409379e-06,1.0357569182088657e-06,,1
9006,E89_I2_P5,,0.0,0.0,0.0,,0
9007,E89_I2_P6,,0.0,0.0,0.0,,0
9008,E89_I2_P7,,0.0,0.0,0.0,,0
9009,E89_I2_P8,,2.4087191502587175e-06,9.909735486704159e-07,8.32068589077935e-07,,1
9010,E89_I2_P9,,7.198398064865551e-06,2.940182358364188e-06,2.444673474131586e-06,,3
9011,E89_I2_P10,,0.0,0.0,0.0,,0
9012,E89_I2_P11,,0.0,0.0,0.0,,0
9013,E89_I2_P12,,0.0,0.0,0.0,,0
9014,E89_I2_P13,,0.0,0.0,0.0,,0
9015,E89_I2_P14,,2.9243275204676753e-06,1.1347974401900223e-06,1.0802740871413897e-06,,1
9016,E89_I2_P15,,0.0,0.0,0.0,,0
9017,E89_I2_P16,,0.0,0.0,0.0,,0
9018,E89_I2_P17,,0.0,0.0,0.0,,0
9019,E89_I2_P18,,0.0,0.0,0.0,,0
9020,E89_I2_P19,,0.0,0.0,0.0,,0
9021,E89_I2_P20,,2.4349081737201293e-06,9.942425866471e-07,8.37257980115123e-07,,1
9022,E89_I2_P21,,0.0,0.0,0.0,,0
9023,E89_I2_P22,,0.0,0.0,0.0,,0
9024,E89_I2_P23,,0.0,0.0,0.0,,0
9025,E89_I2_P24,,0.0,0.0,0.0,,0
9026,E89_I2_P25,,2.533888877449632e-06,1.0287556132524144e-06,8.932910270702914e-07,,1
9027,E89_I2_P26,,0.0,0.0,0.0,,0
9028,E89_I2_P27,,0.0,0.0,0.0,,0
9029,E89_I2_P28,,2.5019293223280097e-06,1.006200742357699e-06,8.564136820649846e-07,,1
9030,E89_I2_P29,,0.0,0.0,0.0,,0
9031,E89_I2_P30,,0.0,0.0,0.0,,0
9032,E89_I2_P31,,0.0,0.0,0.0,,0
9033,E89_I2_P32,,2.4321195007765284e-06,1.0011803101668674e-06,8.483383173209476e-07,,1
9034,E89_I2_P33,,0.0,0.0,0.0,,0
9035,E89_I2_P34,,2.4719966731298327e-06,1.0101689394090805e-06,8.628306366999836e-07,,1
9036,E89_I2_P35,,0.0,0.0,0.0,,0
9037,E89_I2_P36,,0.0,0.0,0.0,,0
9038,E89_I2_P37,,0.0,0.0,0.0,,0
9039,E89_I2_P38,,0.0,0.0,0.0,,0
9040,E89_I2_P39,,0.0,0.0,0.0,,0
9041,E89_I2_P40,,0.0,0.0,0.0,,0
9042,E89_I2_P41,,0.0,0.0,0.0,,0
9043,E89_I2_P42,,0.0,0.0,0.0,,0
9044,E89_I2_P43,,0.0,0.0,0.0,,0
9045,E89_I2_P44,,0.0,0.0,0.0,,0
9046,E89_I2_P45,,0.0,0.0,0.0,,0
9047,E89_I2_P46,,0.0,0.0,0.0,,0
9048,E89_I2_P47,,0.0,0.0,0.0,,0
9049,E89_I2_P48,,0.0,0.0,0.0,,0
9050,E89_I2_P49,,0.0,0.0,0.0,,0
9051,E89_I2_P50,,0.0,0.0,0.0,,0
9052,E89_I2_P51,,0.0,0.0,0.0,,0
9053,E89_I2_P52,,0.0,0.0,0.0,,0
9054,E89_I2_P53,,0.0,0.0,0.0,,0
9055,E89_I2_P54,,0.0,0.0,0.0,,0
9056,E89_I2_P55,,2.8821880461077356e-06,1.1156859267666035e-06,1.0448665705389423e-06,,1
9057,E89_I2_P56,,0.0,0.0,0.0,,0
9058,E89_I2_P57,,0.0,0.0,0.0,,0
9059,E89_I2_P58,,0.0,0.0,0.0,,0
9060,E89_I2_P59,,0.0,0.0,0.0,,0
9061,E89_I2_P60,,0.0,0.0,0.0,,0
9062,E89_I2_P61,,2.703123533191228e-06,1.059587177249151e-06,9.453086929169438e-07,,1
9063,E89_I2_P62,,0.0,0.0,0.0,,0
9064,E89_I2_P63,,2.92390185724043e-06,1.1310232335274611e-06,1.0732204663142927e-06,,1
9065,E89_I2_P64,,0.0,0.0,0.0,,0
9066,E89_I2_P65,,0.0,0.0,0.0,,0
9067,E89_I2_P66,,2.48245782659007e-06,1.0164560117878157e-06,8.730593527574488e-07,,1
9068,E89_I2_P67,,5.201083762757334e-06,2.063115895795213e-06,1.79588347589655e-06,,2
9069,E89_I2_P68,,0.0,0.0,0.0,,0
9070,E89_I2_P69,,4.156234976067194e-05,1.7719790666750985e-05,1.5571658482386165e-05,,17
9071,E89_I2_P70,,2.53539989135529e-06,1.027602140555241e-06,8.913811906980807e-07,,1
9072,E89_I2_P71,,0.0,0.0,0.0,,0
9073,E89_I2_P72,,0.0,0.0,0.0,,0
9074,E89_I2_P73,,0.0,0.0,0.0,,0
9075,E89_I2_P74,,8.339115207102885e-06,3.2907682178843106e-06,3.0325468086235524e-06,,3
9076,E89_I2_P75,,0.0,0.0,0.0,,0
9077,E89_I2_P76,,2.874419413238027e-06,1.1060537970155508e-06,1.0273121200229296e-06,,1
9078,E89_I2_P77,,0.0,0.0,0.0,,0
9079,E89_I2_P78,,0.0,0.0,0.0,,0
9080,E89_I2_P79,,0.0,0.0,0.0,,0
9081,E89_I2_P80,,0.0,0.0,0.0,,0
9082,E89_I2_P81,,0.0,0.0,0.0,,0
9083,E89_I2_P82,,0.0,0.0,0.0,,0
9084,E89_I2_P83,,0.0,0.0,0.0,,0
9085,E89_I2_P84,,0.0,0.0,0.0,,0
9086,E89_I2_P85,,0.0,0.0,0.0,,0
9087,E89_I2_P86,,0.0,0.0,0.0,,0
9088,E89_I2_P87,,0.0,0.0,0.0,,0
9089,E89_I2_P88,,0.0,0.0,0.0,,0
9090,E89_I2_P89,,0.0,0.0,0.0,,0
9091,E89_I2_P90,,0.0,0.0,0.0,,0
9092,E89_I2_P91,,0.0,0.0,0.0,,0
9093,E89_I2_P92,,0.0,0.0,0.0,,0
9094,E89_I2_P93,,0.0,0.0,0.0,,0
9095,E89_I2_P94,,0.0,0.0,0.0,,0
9096,E89_I2_P95,,0.0,0.0,0.0,,0
9097,E89_I2_P96,,2.6737514086104525e-06,1.070092977429179e-06,9.634653923231077e-07,,1
9098,E89_I2_P97,,0.0,0.0,0.0,,0
9099,E89_I2_P98,,0.0,0.0,0.0,,0
9100,E89_I2_P99,,0.0,0.0,0.0,,0
9101,E90_I2_P0,,1.1667926857215295e-05,4.520740053612664e-06,4.286632084262327e-06,,4
9102,E90_I2_P1,,0.0,0.0,0.0,,0
9103,E90_I2_P2,,0.0,0.0,0.0,,0
9104,E90_I2_P3,,0.0,0.0,0.0,,0
9105,E90_I2_P4,,2.9792114137541515e-06,1.1407454591190742e-06,1.0914519394145943e-06,,1
9106,E90_I2_P5,,0.0,0.0,0.0,,0
9107,E90_I2_P6,,0.0,0.0,0.0,,0
9108,E90_I2_P7,,2.4142391237089368e-06,9.91108492135328e-07,8.322824034068648e-07,,1
9109,E90_I2_P8,,0.0,0.0,0.0,,0
9110,E90_I2_P9,,0.0,0.0,0.0,,0
9111,E90_I2_P10,,0.0,0.0,0.0,,0
9112,E90_I2_P11,,2.559545986740194e-06,1.0298842098777735e-06,8.951621854847661e-07,,1
9113,E90_I2_P12,,0.0,0.0,0.0,,0
9114,E90_I2_P13,,0.0,0.0,0.0,,0
9115,E90_I2_P14,,9.221891892041873e-06,3.904651882202199e-06,3.2352395229801086e-06,,4
9116,E90_I2_P15,,0.0,0.0,0.0,,0
9117,E90_I2_P16,,0.0,0.0,0.0,,0
9118,E90_I2_P17,,0.0,0.0,0.0,,0
9119,E90_I2_P18,,0.0,0.0,0.0,,0
9120,E90_I2_P19,,0.0,0.0,0.0,,0
9121,E90_I2_P20,,2.6260677475658398e-06,1.0544546683321637e-06,9.365187770844157e-07,,1
9122,E90_I2_P21,,0.0,0.0,0.0,,0
9123,E90_I2_P22,,0.0,0.0,0.0,,0
9124,E90_I2_P23,,2.724648067021018e-06,1.0832235027768626e-06,9.864715294451886e-07,,1
9125,E90_I2_P24,,0.0,0.0,0.0,,0
9126,E90_I2_P25,,0.0,0.0,0.0,,0
9127,E90_I2_P26,,0.0,0.0,0.0,,0
9128,E90_I2_P27,,0.0,0.0,0.0,,0
9129,E90_I2_P28,,0.0,0.0,0.0,,0
9130,E90_I2_P29,,0.0,0.0,0.0,,0
9131,E90_I2_P30,,0.0,0.0,0.0,,0
9132,E90_I2_P31,,0.0,0.0,0.0,,0
9133,E90_I2_P32,,0.0,0.0,0.0,,0
9134,E90_I2_P33,,0.0,0.0,0.0,,0
9135,E90_I2_P34,,2.9344804762706613e-06,1.133972019181515e-06,1.0787288690498665e-06,,1
9136,E90_I2_P35,,0.0,0.0,0.0,,0
9137,E90_I2_P36,,2.7289628172642325e-06,1.0810562195602255e-06,9.826500844464917e-07,,1
9138,E90_I2_P37,,0.0,0.0,0.0,,0
9139,E90_I2_P38,,0.0,0.0,0.0,,0
9140,E90_I2_P39,,0.0,0.0,0.0,,0
9141,E90_I2_P40,,0.0,0.0,0.0,,0
9142,E90_I2_P41,,0.0,0.0,0.0,,0
9143,E90_I2_P42,,0.0,0.0,0.0,,0
9144,E90_I2_P43,,0.0,0.0,0.0,,0
9145,E90_I2_P44,,0.0,0.0,0.0,,0
9146,E90_I2_P45,,0.0,0.0,0.0,,0
9147,E90_I2_P46,,0.0,0.0,0.0,,0
9148,E90_I2_P47,,0.0,0.0,0.0,,0
9149,E90_I2_P48,,0.0,0.0,0.0,,0
9150,E90_I2_P49,,3.10790989013137e-06,1.159787264079208e-06,1.1277472628164247e-06,,1
9151,E90_I2_P50,,0.0,0.0,0.0,,0
9152,E90_I2_P51,,0.0,0.0,0.0,,0
9153,E90_I2_P52,,0.0,0.0,0.0,,0
9154,E90_I2_P53,,2.5487395717542828e-06,1.0331881398026662e-06,9.006542352364758e-07,,1
9155,E90_I2_P54,,0.0,0.0,0.0,,0
9156,E90_I2_P55,,0.0,0.0,0.0,,0
9157,E90_I2_P56,,0.0,0.0,0.0,,0
9158,E90_I2_P57,,0.0,0.0,0.0,,0
9159,E90_I2_P58,,0.0,0.0,0.0,,0
9160,E90_I2_P59,,0.0,0.0,0.0,,0
9161,E90_I2_P60,,0.0,0.0,0.0,,0
9162,E90_I2_P61,,0.0,0.0,0.0,,0
9163,E90_I2_P62,,2.459514023183536e-06,9.984596927021028e-07,8.439822797480545e-07,,1
9164,E90_I2_P63,,1.1475317481276141e-05,4.557168646893134e-06,4.3548553915831535e-06,,4
9165,E90_I2_P64,,0.0,0.0,0.0,,0
9166,E90_I2_P65,,0.0,0.0,0.0,,0
9167,E90_I2_P66,,0.0,0.0,0.0,,0
9168,E90_I2_P67,,8.145186315894956e-06,3.198391353360834e-06,2.8697732759538114e-06,,3
9169,E90_I2_P68,,1.817757443244574e-05,7.415572080142808e-06,6.61451905831927e-06,,7
9170,E90_I2_P69,,0.0,0.0,0.0,,0
9171,E90_I2_P70,,0.0,0.0,0.0,,0
9172,E90_I2_P71,,2.688729791147678e-06,1.0463975596616458e-06,9.228259144281987e-07,,1
9173,E90_I2_P72,,5.311962341043017e-06,2.0952073269741844e-06,1.8497349329841036e-06,,2
9174,E90_I2_P73,,0.0,0.0,0.0,,0
9175,E90_I2_P74,,0.0,0.0,0.0,,0
9176,E90_I2_P75,,1.2797514132710687e-05,5.210699146366105e-06,4.5782095538076975e-06,,5
9177,E90_I2_P76,,5.366098604900888e-06,2.1282399089906247e-06,1.9062306100605132e-06,,2
9178,E90_I2_P77,,0.0,0.0,0.0,,0
9179,E90_I2_P78,,5.3844242481741884e-06,2.1016402691596083e-06,1.860652046903317e-06,,2
9180,E90_I2_P79,,0.0,0.0,0.0,,0
9181,E90_I2_P80,,0.0,0.0,0.0,,0
9182,E90_I2_P81,,0.0,0.0,0.0,,0
9183,E90_I2_P82,,0.0,0.0,0.0,,0
9184,E90_I2_P83,,0.0,0.0,0.0,,0
9185,E90_I2_P84,,0.0,0.0,0.0,,0
9186,E90_I2_P85,,0.0,0.0,0.0,,0
9187,E90_I2_P86,,0.0,0.0,0.0,,0
9188,E90_I2_P87,,0.0,0.0,0.0,,0
9189,E90_I2_P88,,0.0,0.0,0.0,,0
9190,E90_I2_P89,,2.9765491710705853e-06,1.1381069242216983e-06,1.086484137331595e-06,,1
9191,E90_I2_P90,,0.0,0.0,0.0,,0
9192,E90_I2_P91,,0.0,0.0,0.0,,0
9193,E90_I2_P92,,0.0,0.0,0.0,,0
9194,E90_I2_P93,,0.0,0.0,0.0,,0
9195,E90_I2_P94,,0.0,0.0,0.0,,0
9196,E90_I2_P95,,0.0,0.0,0.0,,0
9197,E90_I2_P96,,0.0,0.0,0.0,,0
9198,E90_I2_P97,,0.0,0.0,0.0,,0
9199,E90_I2_P98,,0.0,0.0,0.0,,0
9200,E90_I2_P99,,0.0,0.0,0.0,,0
9201,E91_I2_P0,,0.0,0.0,0.0,,0
9202,E91_I2_P1,,0.0,0.0,0.0,,0
9203,E91_I2_P2,,0.0,0.0,0.0,,0
9204,E91_I2_P3,,0.0,0.0,0.0,,0
9205,E91_I2_P4,,9.820718008413329e-06,4.024785239161432e-06,3.4256261241673858e-06,,4
9206,E91_I2_P5,,0.0,0.0,0.0,,0
9207,E91_I2_P6,,0.0,0.0,0.0,,0
9208,E91_I2_P7,,0.0,0.0,0.0,,0
9209,E91_I2_P8,,0.0,0.0,0.0,,0
9210,E91_I2_P9,,0.0,0.0,0.0,,0
9211,E91_I2_P10,,0.0,0.0,0.0,,0
9212,E91_I2_P11,,0.0,0.0,0.0,,0
9213,E91_I2_P12,,2.616494943610293e-06,1.0483231524447578e-06,9.260867048677433e-07,,1
9214,E91_I2_P13,,5.8030499659476215e-06,2.226599083147481e-06,2.0809987129022964e-06,,2
9215,E91_I2_P14,,3.0170244263508275e-06,1.1511314338291231e-06,1.1111515446812093e-06,,1
9216,E91_I2_P15,,2.6386365085403315e-06,1.0531296743393201e-06,9.34258124308649e-07,,1
9217,E91_I2_P16,,2.4405665664815556e-06,9.911610619535963e-07,8.323657081975537e-07,,1
9218,E91_I2_P17,,0.0,0.0,0.0,,0
9219,E91_I2_P18,,0.0,0.0,0.0,,0
9220,E91_I2_P19,,0.0,0.0,0.0,,0
9221,E91_I2_P20,,6.0107911743855614e-06,2.2952916903270695e-06,2.209028797727793e-06,,2
9222,E91_I2_P21,,0.0,0.0,0.0,,0
9223,E91_I2_P22,,0.0,0.0,0.0,,0
9224,E91_I2_P23,,0.0,0.0,0.0,,0
9225,E91_I2_P24,,0.0,0.0,0.0,,0
9226,E91_I2_P25,,0.0,0.0,0.0,,0
9227,E91_I2_P26,,0.0,0.0,0.0,,0
9228,E91_I2_P27,,0.0,0.0,0.0,,0
9229,E91_I2_P28,,5.42292026349575e-06,2.1270507955652554e-06,1.904177956855136e-06,,2
9230,E91_I2_P29,,0.0,0.0,0.0,,0
9231,E91_I2_P30,,1.4377997143986762e-05,5.6969212820476595e-06,5.444436126555918e-06,,5
9232,E91_I2_P31,,0.0,0.0,0.0,,0
9233,E91_I2_P32,,0.0,0.0,0.0,,0
9234,E91_I2_P33,,0.0,0.0,0.0,,0
9235,E91_I2_P34,,0.0,0.0,0.0,,0
9236,E91_I2_P35,,0.0,0.0,0.0,,0
9237,E91_I2_P36,,0.0,0.0,0.0,,0
9238,E91_I2_P37,,0.0,0.0,0.0,,0
9239,E91_I2_P38,,0.0,0.0,0.0,,0
9240,E91_I2_P39,,0.0,0.0,0.0,,0
9241,E91_I2_P40,,0.0,0.0,0.0,,0
9242,E91_I2_P41,,0.0,0.0,0.0,,0
9243,E91_I2_P42,,0.0,0.0,0.0,,0
9244,E91_I2_P43,,2.460959553725084e-06,9.972768859566651e-07,8.420928533684767e-07,,1
9245,E91_I2_P44,,0.0,0.0,0.0,,0
9246,E91_I2_P45,,0.0,0.0,0.0,,0
9247,E91_I2_P46,,0.0,0.0,0.0,,0
9248,E91_I2_P47,,2.701460822628269e-06,1.0661940302748184e-06,9.567011413922968e-07,,1
9249,E91_I2_P48,,0.0,0.0,0.0,,0
9250,E91_I2_P49,,0.0,0.0,0.0,,0
9251,E91_I2_P50,,0.0,0.0,0.0,,0
9252,E91_I2_P51,,0.0,0.0,0.0,,0
9253,E91_I2_P52,,1.5766627531422108e-05,6.294975256431724e-06,5.565062537390264e-06,,6
9254,E91_I2_P53,,0.0,0.0,0.0,,0
9255,E91_I2_P54,,2.7029062558316156e-06,1.0666101173947818e-06,9.57421548878285e-07,,1
9256,E91_I2_P55,,3.0094209177686425e-06,1.1393208112921557e-06,1.0887677816193136e-06,,1
9257,E91_I2_P56,,0.0,0.0,0.0,,0
9258,E91_I2_P57,,8.461482787605455e-06,3.3204343653313627e-06,3.0860578080348603e-06,,3
9259,E91_I2_P58,,0.0,0.0,0.0,,0
9260,E91_I2_P59,,2.828775329553951e-06,1.1096400859729048e-06,1.0338254773366072e-06,,1
9261,E91_I2_P60,,2.3224128856141222e-06,9.674491266185722e-07,7.953171724883884e-07,,1
9262,E91_I2_P61,,0.0,0.0,0.0,,0
9263,E91_I2_P62,,0.0,0.0,0.0,,0
9264,E91_I2_P63,,0.0,0.0,0.0,,0
9265,E91_I2_P64,,0.0,0.0,0.0,,0
9266,E91_I2_P65,,0.0,0.0,0.0,,0
9267,E91_I2_P66,,0.0,0.0,0.0,,0
9268,E91_I2_P67,,5.03905807742586e-06,2.0642548722826105e-06,1.7977774526796886e-06,,2
9269,E91_I2_P68,,2.9730826887944054e-06,1.1274472144098637e-06,1.0665651296663224e-06,,1
9270,E91_I2_P69,,0.0,0.0,0.0,,0
9271,E91_I2_P70,,0.0,0.0,0.0,,0
9272,E91_I2_P71,,0.0,0.0,0.0,,0
9273,E91_I2_P72,,0.0,0.0,0.0,,0
9274,E91_I2_P73,,2.4154262197301578e-06,9.914695224058162e-07,8.328546154408331e-07,,1
9275,E91_I2_P74,,0.0,0.0,0.0,,0
9276,E91_I2_P75,,0.0,0.0,0.0,,0
9277,E91_I2_P76,,0.0,0.0,0.0,,0
9278,E91_I2_P77,,0.0,0.0,0.0,,0
9279,E91_I2_P78,,0.0,0.0,0.0,,0
9280,E91_I2_P79,,0.0,0.0,0.0,,0
9281,E91_I2_P80,,0.0,0.0,0.0,,0
9282,E91_I2_P81,,8.69343083852431e-06,3.3966999712792185e-06,3.2264361270506018e-06,,3
9283,E91_I2_P82,,0.0,0.0,0.0,,0
9284,E91_I2_P83,,0.0,0.0,0.0,,0
9285,E91_I2_P84,,0.0,0.0,0.0,,0
9286,E91_I2_P85,,0.0,0.0,0.0,,0
9287,E91_I2_P86,,0.0,0.0,0.0,,0
9288,E91_I2_P87,,0.0,0.0,0.0,,0
9289,E91_I2_P88,,0.0,0.0,0.0,,0
9290,E91_I2_P89,,4.7168474129766514e-05,1.9278555182937913e-05,1.834031973650355e-05,,17
9291,E91_I2_P90,,1.0902373450384578e-05,4.290012225557599e-06,3.870647789194845e-06,,4
9292,E91_I2_P91,,0.0,0.0,0.0,,0
9293,E91_I2_P92,,2.608692058427501e-06,1.0306446936220402e-06,8.964244318686057e-07,,1
9294,E91_I2_P93,,0.0,0.0,0.0,,0
9295,E91_I2_P94,,0.0,0.0,0.0,,0
9296,E91_I2_P95,,1.964985094788145e-05,7.77734380509308e-06,7.2547430473651815e-06,,7
9297,E91_I2_P96,,1.9000182005950585e-05,7.613223625392133e-06,6.959564927769659e-06,,7
9298,E91_I2_P97,,0.0,0.0,0.0,,0
9299,E91_I2_P98,,0.0,0.0,0.0,,0
9300,E91_I2_P99,,2.8673292712243338e-06,1.1115243138536918e-06,1.037258318811717e-06,,1
9301,E92_I2_P0,,0.0,0.0,0.0,,0
9302,E92_I2_P1,,0.0,0.0,0.0,,0
9303,E92_I2_P2,,0.0,0.0,0.0,,0
9304,E92_I2_P3,,2.635650858341223e-06,1.0589215712019351e-06,9.441658106229985e-07,,1
9305,E92_I2_P4,,0.0,0.0,0.0,,0
9306,E92_I2_P5,,0.0,0.0,0.0,,0
9307,E92_I2_P6,,0.0,0.0,0.0,,0
9308,E92_I2_P7,,0.0,0.0,0.0,,0
9309,E92_I2_P8,,0.0,0.0,0.0,,0
9310,E92_I2_P9,,0.0,0.0,0.0,,0
9311,E92_I2_P10,,0.0,0.0,0.0,,0
9312,E92_I2_P11,,2.679670181952307e-06,1.0474756706221548e-06,9.246506785317842e-07,,1
9313,E92_I2_P12,,0.0,0.0,0.0,,0
9314,E92_I2_P13,,0.0,0.0,0.0,,0
9315,E92_I2_P14,,0.0,0.0,0.0,,0
9316,E92_I2_P15,,2.2264719315951454e-05,9.293298074355656e-06,8.096905565115651e-06,,9
9317,E92_I2_P16,,0.0,0.0,0.0,,0
9318,E92_I2_P17,,0.0,0.0,0.0,,0
9319,E92_I2_P18,,2.657843194467449e-06,1.0604232679535233e-06,9.467455621301776e-07,,1
9320,E92_I2_P19,,0.0,0.0,0.0,,0
9321,E92_I2_P20,,2.6969510079245924e-06,1.0631431545257039e-06,9.514295228580944e-07,,1
9322,E92_I2_P21,,0.0,0.0,0.0,,0
9323,E92_I2_P22,,0.0,0.0,0.0,,0
9324,E92_I2_P23,,0.0,0.0,0.0,,0
9325,E92_I2_P24,,0.0,0.0,0.0,,0
9326,E92_I2_P25,,0.0,0.0,0.0,,0
9327,E92_I2_P26,,0.0,0.0,0.0,,0
9328,E92_I2_P27,,6.843663175719116e-05,2.8019706397489267e-05,2.7423556835321544e-05,,24
9329,E92_I2_P28,,0.0,0.0,0.0,,0
9330,E92_I2_P29,,0.0,0.0,0.0,,0
9331,E92_I2_P30,,0.0,0.0,0.0,,0
9332,E92_I2_P31,,0.0,0.0,0.0,,0
9333,E92_I2_P32,,0.0,0.0,0.0,,0
9334,E92_I2_P33,,0.0,0.0,0.0,,0
9335,E92_I2_P34,,1.0799620859410208e-05,4.301789669737747e-06,3.8912190265045524e-06,,4
9336,E92_I2_P35,,0.0,0.0,0.0,,0
9337,E92_I2_P36,,0.0,0.0,0.0,,0
9338,E92_I2_P37,,0.0,0.0,0.0,,0
9339,E92_I2_P38,,0.0,0.0,0.0,,0
9340,E92_I2_P39,,0.0,0.0,0.0,,0
9341,E92_I2_P40,,0.0,0.0,0.0,,0
9342,E92_I2_P41,,0.0,0.0,0.0,,0
9343,E92_I2_P42,,0.0,0.0,0.0,,0
9344,E92_I2_P43,,0.0,0.0,0.0,,0
9345,E92_I2_P44,,0.0,0.0,0.0,,0
9346,E92_I2_P45,,0.0,0.0,0.0,,0
9347,E92_I2_P46,,0.0,0.0,0.0,,0
9348,E92_I2_P47,,0.0,0.0,0.0,,0
9349,E92_I2_P48,,0.0,0.0,0.0,,0
9350,E92_I2_P49,,0.0,0.0,0.0,,0
9351,E92_I2_P50,,0.0,0.0,0.0,,0
9352,E92_I2_P51,,0.0,0.0,0.0,,0
9353,E92_I2_P52,,0.0,0.0,0.0,,0
9354,E92_I2_P53,,0.0,0.0,0.0,,0
9355,E92_I2_P54,,1.768572562332708e-05,7.620706094638711e-06,6.18104274191056e-06,,8
9356,E92_I2_P55,,0.0,0.0,0.0,,0
9357,E92_I2_P56,,0.0,0.0,0.0,,0
9358,E92_I2_P57,,0.0,0.0,0.0,,0
9359,E92_I2_P58,,0.0,0.0,0.0,,0
9360,E92_I2_P59,,0.0,0.0,0.0,,0
9361,E92_I2_P60,,0.0,0.0,0.0,,0
9362,E92_I2_P61,,0.0,0.0,0.0,,0
9363,E92_I2_P62,,0.0,0.0,0.0,,0
9364,E92_I2_P63,,5.308693731934505e-06,2.1317009547600432e-06,1.9122131620500264e-06,,2
9365,E92_I2_P64,,0.0,0.0,0.0,,0
9366,E92_I2_P65,,0.0,0.0,0.0,,0
9367,E92_I2_P66,,0.0,0.0,0.0,,0
9368,E92_I2_P67,,0.0,0.0,0.0,,0
9369,E92_I2_P68,,0.0,0.0,0.0,,0
9370,E92_I2_P69,,0.0,0.0,0.0,,0
9371,E92_I2_P70,,0.0,0.0,0.0,,0
9372,E92_I2_P71,,0.0,0.0,0.0,,0
9373,E92_I2_P72,,0.0,0.0,0.0,,0
9374,E92_I2_P73,,0.0,0.0,0.0,,0
9375,E92_I2_P74,,0.0,0.0,0.0,,0
9376,E92_I2_P75,,0.0,0.0,0.0,,0
9377,E92_I2_P76,,0.0,0.0,0.0,,0
9378,E92_I2_P77,,0.0,0.0,0.0,,0
9379,E92_I2_P78,,0.0,0.0,0.0,,0
9380,E92_I2_P79,,0.0,0.0,0.0,,0
9381,E92_I2_P80,,0.0,0.0,0.0,,0
9382,E92_I2_P81,,0.0,0.0,0.0,,0
9383,E92_I2_P82,,0.0,0.0,0.0,,0
9384,E92_I2_P83,,0.0,0.0,0.0,,0
9385,E92_I2_P84,,0.0,0.0,0.0,,0
9386,E92_I2_P85,,0.0,0.0,0.0,,0
9387,E92_I2_P86,,0.0,0.0,0.0,,0
9388,E92_I2_P87,,0.0,0.0,0.0,,0
9389,E92_I2_P88,,8.313889145589334e-06,3.257184971912483e-06,2.9727002076431097e-06,,3
9390,E92_I2_P89,,0.0,0.0,0.0,,0
9391,E92_I2_P90,,0.0,0.0,0.0,,0
9392,E92_I2_P91,,0.0,0.0,0.0,,0
9393,E92_I2_P92,,0.0,0.0,0.0,,0
9394,E92_I2_P93,,0.0,0.0,0.0,,0
9395,E92_I2_P94,,0.0,0.0,0.0,,0
9396,E92_I2_P95,,0.0,0.0,0.0,,0
9397,E92_I2_P96,,0.0,0.0,0.0,,0
9398,E92_I2_P97,,1.4441902843895885e-05,5.96669343416167e-06,5.025517062886809e-06,,6
9399,E92_I2_P98,,3.1014489513928893e-06,1.1721587353100167e-06,1.151749968902751e-06,,1
9400,E92_I2_P99,,6.568078436482152e-06,2.457223754792765e-06,2.531197003062749e-06,,2
9401,E93_I2_P0,,5.334799888245753e-06,2.125979351854465e-06,1.9023296404359189e-06,,2
9402,E93_I2_P1,,4.6044096887249305e-06,1.9308122098367838e-06,1.5843482238961303e-06,,2
9403,E93_I2_P2,,0.0,0.0,0.0,,0
9404,E93_I2_P3,,0.0,0.0,0.0,,0
9405,E93_I2_P4,,8.756576884322717e-06,3.398258948066936e-06,3.2293483175095267e-06,,3
9406,E93_I2_P5,,0.0,0.0,0.0,,0
9407,E93_I2_P6,,3.910997572201919e-05,1.584183317541089e-05,1.5039092240392371e-05,,14
9408,E93_I2_P7,,0.0,0.0,0.0,,0
9409,E93_I2_P8,,0.0,0.0,0.0,,0
9410,E93_I2_P9,,0.0,0.0,0.0,,0
9411,E93_I2_P10,,0.0,0.0,0.0,,0
9412,E93_I2_P11,,0.0,0.0,0.0,,0
9413,E93_I2_P12,,3.169629648451163e-06,1.1864754322729939e-06,1.179946572019219e-06,,1
9414,E93_I2_P13,,0.0,0.0,0.0,,0
9415,E93_I2_P14,,0.0,0.0,0.0,,0
9416,E93_I2_P15,,0.0,0.0,0.0,,0
9417,E93_I2_P16,,0.0,0.0,0.0,,0
9418,E93_I2_P17,,5.0219628555445244e-06,2.0272951103347736e-06,1.7369614985114242e-06,,2
9419,E93_I2_P18,,2.949304263783367e-06,1.1248455597661743e-06,1.0617401921749748e-06,,1
9420,E93_I2_P19,,0.0,0.0,0.0,,0
9421,E93_I2_P20,,5.700454125896355e-06,2.2055476241108943e-06,2.04275694562896e-06,,2
9422,E93_I2_P21,,0.0,0.0,0.0,,0
9423,E93_I2_P22,,0.0,0.0,0.0,,0
9424,E93_I2_P23,,0.0,0.0,0.0,,0
9425,E93_I2_P24,,0.0,0.0,0.0,,0
9426,E93_I2_P25,,0.0,0.0,0.0,,0
9427,E93_I2_P26,,0.0,0.0,0.0,,0
9428,E93_I2_P27,,0.0,0.0,0.0,,0
9429,E93_I2_P28,,0.0,0.0,0.0,,0
9430,E93_I2_P29,,0.0,0.0,0.0,,0
9431,E93_I2_P30,,0.0,0.0,0.0,,0
9432,E93_I2_P31,,0.0,0.0,0.0,,0
9433,E93_I2_P32,,5.771788826882686e-06,2.240247242414211e-06,2.1060390670246933e-06,,2
9434,E93_I2_P33,,0.0,0.0,0.0,,0
9435,E93_I2_P34,,2.4905092249047287e-06,1.0044626408447405e-06,8.536124987649294e-07,,1
9436,E93_I2_P35,,0.0,0.0,0.0,,0
9437,E93_I2_P36,,0.0,0.0,0.0,,0
9438,E93_I2_P37,,7.5679963236927464e-06,3.0751433572903646e-06,2.661483280118454e-06,,3
9439,E93_I2_P38,,0.0,0.0,0.0,,0
9440,E93_I2_P39,,0.0,0.0,0.0,,0
9441,E93_I2_P40,,0.0,0.0,0.0,,0
9442,E93_I2_P41,,0.0,0.0,0.0,,0
9443,E93_I2_P42,,0.0,0.0,0.0,,0
9444,E93_I2_P43,,0.0,0.0,0.0,,0
9445,E93_I2_P44,,0.0,0.0,0.0,,0
9446,E93_I2_P45,,0.0,0.0,0.0,,0
9447,E93_I2_P46,,0.0,0.0,0.0,,0
9448,E93_I2_P47,,0.0,0.0,0.0,,0
9449,E93_I2_P48,,2.4383604680477074e-06,1.0030809855353544e-06,8.513898940019582e-07,,1
9450,E93_I2_P49,,3.02107896538323e-06,1.1483787580443406e-06,1.1059078148422782e-06,,1
9451,E93_I2_P50,,8.01930013074432e-06,3.2475226722118403e-06,2.9556242573994056e-06,,3
9452,E93_I2_P51,,3.3472813695085905e-06,1.2226167130381613e-06,1.2531658101278355e-06,,1
9453,E93_I2_P52,,0.0,0.0,0.0,,0
9454,E93_I2_P53,,2.6143967712915874e-06,1.0477070721768092e-06,9.250426386841268e-07,,1
9455,E93_I2_P54,,0.0,0.0,0.0,,0
9456,E93_I2_P55,,0.0,0.0,0.0,,0
9457,E93_I2_P56,,0.0,0.0,0.0,,0
9458,E93_I2_P57,,5.508398849895374e-06,2.158588025733234e-06,1.9590998719728233e-06,,2
9459,E93_I2_P58,,0.0,0.0,0.0,,0
9460,E93_I2_P59,,2.7170783290472228e-06,1.067150633636123e-06,9.583579112205982e-07,,1
9461,E93_I2_P60,,2.6023506186473264e-06,1.049103234038582e-06,9.274097815764483e-07,,1
9462,E93_I2_P61,,0.0,0.0,0.0,,0
9463,E93_I2_P62,,0.0,0.0,0.0,,0
9464,E93_I2_P63,,0.0,0.0,0.0,,0
9465,E93_I2_P64,,0.0,0.0,0.0,,0
9466,E93_I2_P65,,0.0,0.0,0.0,,0
9467,E93_I2_P66,,0.0,0.0,0.0,,0
9468,E93_I2_P67,,0.0,0.0,0.0,,0
9469,E93_I2_P68,,0.0,0.0,0.0,,0
9470,E93_I2_P69,,0.0,0.0,0.0,,0
9471,E93_I2_P70,,0.0,0.0,0.0,,0
9472,E93_I2_P71,,0.0,0.0,0.0,,0
9473,E93_I2_P72,,2.5378017000187875e-06,1.0168050771766371e-06,8.736294937317084e-07,,1
9474,E93_I2_P73,,0.0,0.0,0.0,,0
9475,E93_I2_P74,,0.0,0.0,0.0,,0
9476,E93_I2_P75,,0.0,0.0,0.0,,0
9477,E93_I2_P76,,0.0,0.0,0.0,,0
9478,E93_I2_P77,,0.0,0.0,0.0,,0
9479,E93_I2_P78,,0.0,0.0,0.0,,0
9480,E93_I2_P79,,0.0,0.0,0.0,,0
9481,E93_I2_P80,,2.6437914523521395e-06,1.033593569235023e-06,9.013296414871219e-07,,1
9482,E93_I2_P81,,0.0,0.0,0.0,,0
9483,E93_I2_P82,,3.0433566491699577e-06,1.185874142354543e-06,1.1787532091556118e-06,,1
9484,E93_I2_P83,,0.0,0.0,0.0,,0
9485,E93_I2_P84,,0.0,0.0,0.0,,0
9486,E93_I2_P85,,0.0,0.0,0.0,,0
9487,E93_I2_P86,,0.0,0.0,0.0,,0
9488,E93_I2_P87,,5.48947680509548e-06,2.156744709307329e-06,1.955862060872295e-06,,2
9489,E93_I2_P88,,0.0,0.0,0.0,,0
9490,E93_I2_P89,,0.00011044558516127911,4.979277526526659e-05,4.72734754438469e-05,,44
9491,E93_I2_P90,,0.0,0.0,0.0,,0
9492,E93_I2_P91,,0.0,0.0,0.0,,0
9493,E93_I2_P92,,0.0,0.0,0.0,,0
9494,E93_I2_P93,,0.0,0.0,0.0,,0
9495,E93_I2_P94,,0.0,0.0,0.0,,0
9496,E93_I2_P95,,0.0,0.0,0.0,,0
9497,E93_I2_P96,,0.0,0.0,0.0,,0
9498,E93_I2_P97,,0.0,0.0,0.0,,0
9499,E93_I2_P98,,4.872915939913518e-06,2.0015851078901816e-06,1.695433223455132e-06,,2
9500,E93_I2_P99,,0.0,0.0,0.0,,0
9501,E94_I2_P0,,2.7562025725825126e-06,1.07470100576985e-06,9.714993659752264e-07,,1
9502,E94_I2_P1,,0.0,0.0,0.0,,0
9503,E94_I2_P2,,0.0,0.0,0.0,,0
9504,E94_I2_P3,,0.0,0.0,0.0,,0
9505,E94_I2_P4,,2.801494862989452e-06,1.1104902926782779e-06,1.0353735368877708e-06,,1
9506,E94_I2_P5,,0.0,0.0,0.0,,0
9507,E94_I2_P6,,1.4758638588160842e-05,5.6983032936677755e-06,5.447038445197346e-06,,5
9508,E94_I2_P7,,0.0,0.0,0.0,,0
9509,E94_I2_P8,,0.0,0.0,0.0,,0
9510,E94_I2_P9,,0.0,0.0,0.0,,0
9511,E94_I2_P10,,3.71618459602395e-05,1.487199717827264e-05,1.4268795570965854e-05,,13
9512,E94_I2_P11,,1.174683729728425e-05,4.571792197108112e-06,4.382441419768591e-06,,4
9513,E94_I2_P12,,0.0,0.0,0.0,,0
9514,E94_I2_P13,,0.0,0.0,0.0,,0
9515,E94_I2_P14,,0.0,0.0,0.0,,0
9516,E94_I2_P15,,0.0,0.0,0.0,,0
9517,E94_I2_P16,,0.0,0.0,0.0,,0
9518,E94_I2_P17,,0.0,0.0,0.0,,0
9519,E94_I2_P18,,2.7396244591159097e-05,1.1186411694172952e-05,1.0502913639530027e-05,,10
9520,E94_I2_P19,,0.0,0.0,0.0,,0
9521,E94_I2_P20,,0.0,0.0,0.0,,0
9522,E94_I2_P21,,0.0,0.0,0.0,,0
9523,E94_I2_P22,,0.0,0.0,0.0,,0
9524,E94_I2_P23,,0.0,0.0,0.0,,0
9525,E94_I2_P24,,0.0,0.0,0.0,,0
9526,E94_I2_P25,,0.0,0.0,0.0,,0
9527,E94_I2_P26,,0.0,0.0,0.0,,0
9528,E94_I2_P27,,0.0,0.0,0.0,,0
9529,E94_I2_P28,,0.0,0.0,0.0,,0
9530,E94_I2_P29,,1.3398229709423239e-05,5.41270768351747e-06,4.926340130779552e-06,,5
9531,E94_I2_P30,,0.0,0.0,0.0,,0
9532,E94_I2_P31,,2.5570267209397028e-06,1.0274851062861075e-06,8.91187558665206e-07,,1
9533,E94_I2_P32,,5.952694299226517e-06,2.2793295098339642e-06,2.178830806706659e-06,,2
9534,E94_I2_P33,,0.0,0.0,0.0,,0
9535,E94_I2_P34,,0.0,0.0,0.0,,0
9536,E94_I2_P35,,0.0,0.0,0.0,,0
9537,E94_I2_P36,,0.0,0.0,0.0,,0
9538,E94_I2_P37,,4.939156669056917e-06,2.0309424111849345e-06,1.7429042012705772e-06,,2
9539,E94_I2_P38,,5.46230719635647e-06,2.176518596123029e-06,1.9907757406059027e-06,,2
9540,E94_I2_P39,,0.0,0.0,0.0,,0
9541,E94_I2_P40,,5.888178822879382e-06,2.2873543436208213e-06,2.19397840686452e-06,,2
9542,E94_I2_P41,,0.0,0.0,0.0,,0
9543,E94_I2_P42,,0.0,0.0,0.0,,0
9544,E94_I2_P43,,0.0,0.0,0.0,,0
9545,E94_I2_P44,,0.0,0.0,0.0,,0
9546,E94_I2_P45,,0.0,0.0,0.0,,0
9547,E94_I2_P46,,0.0,0.0,0.0,,0
9548,E94_I2_P47,,0.0,0.0,0.0,,0
9549,E94_I2_P48,,0.0,0.0,0.0,,0
9550,E94_I2_P49,,0.0,0.0,0.0,,0
9551,E94_I2_P50,,0.0,0.0,0.0,,0
9552,E94_I2_P51,,0.0,0.0,0.0,,0
9553,E94_I2_P52,,0.0,0.0,0.0,,0
9554,E94_I2_P53,,0.0,0.0,0.0,,0
9555,E94_I2_P54,,0.0,0.0,0.0,,0
9556,E94_I2_P55,,0.0,0.0,0.0,,0
9557,E94_I2_P56,,0.0,0.0,0.0,,0
9558,E94_I2_P57,,3.0929137464015683e-06,1.1678809527558007e-06,1.143412514649973e-06,,1
9559,E94_I2_P58,,0.0,0.0,0.0,,0
9560,E94_I2_P59,,0.0,0.0,0.0,,0
9561,E94_I2_P60,,0.0,0.0,0.0,,0
9562,E94_I2_P61,,0.0,0.0,0.0,,0
9563,E94_I2_P62,,0.0,0.0,0.0,,0
9564,E94_I2_P63,,0.0,0.0,0.0,,0
9565,E94_I2_P64,,0.0,0.0,0.0,,0
9566,E94_I2_P65,,0.0,0.0,0.0,,0
9567,E94_I2_P66,,1.1842222257325159e-05,4.569235030187705e-06,4.377609294540054e-06,,4
9568,E94_I2_P67,,0.0,0.0,0.0,,0
9569,E94_I2_P68,,0.0,0.0,0.0,,0
9570,E94_I2_P69,,0.0,0.0,0.0,,0
9571,E94_I2_P70,,0.0,0.0,0.0,,0
9572,E94_I2_P71,,5.889345598096437e-06,2.254253713196924e-06,2.1319404655624993e-06,,2
9573,E94_I2_P72,,0.0,0.0,0.0,,0
9574,E94_I2_P73,,0.0,0.0,0.0,,0
9575,E94_I2_P74,,0.0,0.0,0.0,,0
9576,E94_I2_P75,,0.0,0.0,0.0,,0
9577,E94_I2_P76,,0.0,0.0,0.0,,0
9578,E94_I2_P77,,0.0,0.0,0.0,,0
9579,E94_I2_P78,,0.0,0.0,0.0,,0
9580,E94_I2_P79,,2.4685985251554284e-06,9.979329089030758e-07,8.431404621421502e-07,,1
9581,E94_I2_P80,,0.0,0.0,0.0,,0
9582,E94_I2_P81,,2.797175106411478e-06,1.0917520312140086e-06,1.0016025641025643e-06,,1
9583,E94_I2_P82,,0.0,0.0,0.0,,0
9584,E94_I2_P83,,0.0,0.0,0.0,,0
9585,E94_I2_P84,,0.0,0.0,0.0,,0
9586,E94_I2_P85,,0.0,0.0,0.0,,0
9587,E94_I2_P86,,0.0,0.0,0.0,,0
9588,E94_I2_P87,,0.0,0.0,0.0,,0
9589,E94_I2_P88,,0.0,0.0,0.0,,0
9590,E94_I2_P89,,0.0,0.0,0.0,,0
9591,E94_I2_P90,,0.0,0.0,0.0,,0
9592,E94_I2_P91,,0.0,0.0,0.0,,0
9593,E94_I2_P92,,0.0,0.0,0.0,,0
9594,E94_I2_P93,,0.0,0.0,0.0,,0
9595,E94_I2_P94,,0.0,0.0,0.0,,0
9596,E94_I2_P95,,2.8335290833462973e-06,1.1038398188481114e-06,1.0233044804107546e-06,,1
9597,E94_I2_P96,,2.9135175899058326e-06,1.1225665790948673e-06,1.0575254169624434e-06,,1
9598,E94_I2_P97,,0.0,0.0,0.0,,0
9599,E94_I2_P98,,0.0,0.0,0.0,,0
9600,E94_I2_P99,,0.0,0.0,0.0,,0
9601,E95_I2_P0,,2.2926771051093663e-06,9.65432652465688e-07,7.922149041370454e-07,,1
9602,E95_I2_P1,,1.5745164587413037e-05,6.4056545104943e-06,5.754915417130657e-06,,6
9603,E95_I2_P2,,2.6119557428707625e-06,1.0535708550592445e-06,9.350104615983022e-07,,1
9604,E95_I2_P3,,0.0,0.0,0.0,,0
9605,E95_I2_P4,,4.97180360381211e-06,2.0283621733402496e-06,1.7386987839106033e-06,,2
9606,E95_I2_P5,,0.0,0.0,0.0,,0
9607,E95_I2_P6,,0.0,0.0,0.0,,0
9608,E95_I2_P7,,0.0,0.0,0.0,,0
9609,E95_I2_P8,,1.2814341721943024e-05,5.215724157586838e-06,4.58667204836187e-06,,5
9610,E95_I2_P9,,0.0,0.0,0.0,,0
9611,E95_I2_P10,,0.0,0.0,0.0,,0
9612,E95_I2_P11,,0.0,0.0,0.0,,0
9613,E95_I2_P12,,0.0,0.0,0.0,,0
9614,E95_I2_P13,,0.0,0.0,0.0,,0
9615,E95_I2_P14,,0.0,0.0,0.0,,0
9616,E95_I2_P15,,0.0,0.0,0.0,,0
9617,E95_I2_P16,,0.0,0.0,0.0,,0
9618,E95_I2_P17,,0.0,0.0,0.0,,0
9619,E95_I2_P18,,2.975133291156409e-05,1.2711686988770449e-05,1.0548133771432489e-05,,13
9620,E95_I2_P19,,0.0,0.0,0.0,,0
9621,E95_I2_P20,,8.346891428744995e-06,3.282518924847243e-06,3.0177746929414253e-06,,3
9622,E95_I2_P21,,2.5463977278462615e-06,1.017648672970158e-06,8.7500833992324e-07,,1
9623,E95_I2_P22,,0.0,0.0,0.0,,0
9624,E95_I2_P23,,0.0,0.0,0.0,,0
9625,E95_I2_P24,,0.0,0.0,0.0,,0
9626,E95_I2_P25,,2.661922793518241e-06,1.0565015309331267e-06,9.400179261418516e-07,,1
9627,E95_I2_P26,,0.0,0.0,0.0,,0
9628,E95_I2_P27,,0.0,0.0,0.0,,0
9629,E95_I2_P28,,2.7104817883011957e-06,1.0634810117992521e-06,9.520123875851873e-07,,1
9630,E95_I2_P29,,0.0,0.0,0.0,,0
9631,E95_I2_P30,,1.1613250943224612e-05,4.52714671837341e-06,4.298579319534894e-06,,4
9632,E95_I2_P31,,0.0,0.0,0.0,,0
9633,E95_I2_P32,,0.0,0.0,0.0,,0
9634,E95_I2_P33,,2.6289227606011324e-06,1.0400053206726717e-06,9.120538403623042e-07,,1
9635,E95_I2_P34,,0.0,0.0,0.0,,0
9636,E95_I2_P35,,2.8960003395143992e-06,1.115821481992705e-06,1.0451150018420154e-06,,1
9637,E95_I2_P36,,2.504980262727417e-06,1.0136776787377278e-06,8.685297788462624e-07,,1
9638,E95_I2_P37,,0.0,0.0,0.0,,0
9639,E95_I2_P38,,0.0,0.0,0.0,,0
9640,E95_I2_P39,,0.0,0.0,0.0,,0
9641,E95_I2_P40,,2.7158717811397953e-06,1.07382811355582e-06,9.699742059609281e-07,,1
9642,E95_I2_P41,,0.0,0.0,0.0,,0
9643,E95_I2_P42,,0.0,0.0,0.0,,0
9644,E95_I2_P43,,1.164541531141625e-05,4.57151154861215e-06,4.3819109239669985e-06,,4
9645,E95_I2_P44,,0.0,0.0,0.0,,0
9646,E95_I2_P45,,0.0,0.0,0.0,,0
9647,E95_I2_P46,,0.0,0.0,0.0,,0
9648,E95_I2_P47,,0.0,0.0,0.0,,0
9649,E95_I2_P48,,0.0,0.0,0.0,,0
9650,E95_I2_P49,,5.528122648334319e-06,2.167773720798732e-06,1.9752862066258016e-06,,2
9651,E95_I2_P50,,9.758011821140175e-06,3.6479349800175714e-06,3.718485832568978e-06,,3
9652,E95_I2_P51,,0.0,0.0,0.0,,0
9653,E95_I2_P52,,0.0,0.0,0.0,,0
9654,E95_I2_P53,,0.0,0.0,0.0,,0
9655,E95_I2_P54,,1.649504269026869e-05,6.576996773447202e-06,6.056955062693271e-06,,6
9656,E95_I2_P55,,0.0,0.0,0.0,,0
9657,E95_I2_P56,,0.0,0.0,0.0,,0
9658,E95_I2_P57,,8.773935010106907e-06,3.392118603584273e-06,3.2178880250051354e-06,,3
9659,E95_I2_P58,,0.0,0.0,0.0,,0
9660,E95_I2_P59,,1.3124493606244115e-05,5.2588378278782085e-06,4.659688937805268e-06,,5
9661,E95_I2_P60,,0.0,0.0,0.0,,0
9662,E95_I2_P61,,0.0,0.0,0.0,,0
9663,E95_I2_P62,,0.0,0.0,0.0,,0
9664,E95_I2_P63,,0.0,0.0,0.0,,0
9665,E95_I2_P64,,0.0,0.0,0.0,,0
9666,E95_I2_P65,,3.657724998084215e-05,1.5112004459639813e-05,1.3717017920304127e-05,,14
9667,E95_I2_P66,,0.0,0.0,0.0,,0
9668,E95_I2_P67,,0.0,0.0,0.0,,0
9669,E95_I2_P68,,2.4911290039320687e-06,1.0143500397286028e-06,8.696245787212432e-07,,1
9670,E95_I2_P69,,1.4099294836824556e-05,5.53130061695369e-06,5.138430605109297e-06,,5
9671,E95_I2_P70,,0.0,0.0,0.0,,0
9672,E95_I2_P71,,0.0,0.0,0.0,,0
9673,E95_I2_P72,,8.150197879965814e-06,3.236403069474179e-06,2.9360513339215224e-06,,3
9674,E95_I2_P73,,0.0,0.0,0.0,,0
9675,E95_I2_P74,,0.0,0.0,0.0,,0
9676,E95_I2_P75,,0.0,0.0,0.0,,0
9677,E95_I2_P76,,0.0,0.0,0.0,,0
9678,E95_I2_P77,,2.984853066313131e-06,1.1384682799667983e-06,1.0871636145907143e-06,,1
9679,E95_I2_P78,,0.0,0.0,0.0,,0
9680,E95_I2_P79,,0.0,0.0,0.0,,0
9681,E95_I2_P80,,0.0,0.0,0.0,,0
9682,E95_I2_P81,,0.0,0.0,0.0,,0
9683,E95_I2_P82,,0.0,0.0,0.0,,0
9684,E95_I2_P83,,0.0,0.0,0.0,,0
9685,E95_I2_P84,,2.6479063372707673e-06,1.060865705925332e-06,9.475064827209165e-07,,1
9686,E95_I2_P85,,0.0,0.0,0.0,,0
9687,E95_I2_P86,,2.5106052925821885e-06,1.0233689697751965e-06,8.843943965655428e-07,,1
9688,E95_I2_P87,,6.414244485463396e-06,2.400333106141064e-06,2.4146744596260392e-06,,2
9689,E95_I2_P88,,0.0,0.0,0.0,,0
9690,E95_I2_P89,,2.0460033268745544e-05,8.813586305984857e-06,7.323140064817926e-06,,9
9691,E95_I2_P90,,0.0,0.0,0.0,,0
9692,E95_I2_P91,,0.0,0.0,0.0,,0
9693,E95_I2_P92,,0.0,0.0,0.0,,0
9694,E95_I2_P93,,0.0,0.0,0.0,,0
9695,E95_I2_P94,,0.0,0.0,0.0,,0
9696,E95_I2_P95,,0.0,0.0,0.0,,0
9697,E95_I2_P96,,0.0,0.0,0.0,,0
9698,E95_I2_P97,,0.0,0.0,0.0,,0
9699,E95_I2_P98,,6.04644817785858e-06,2.3239706642051776e-06,2.263974951381138e-06,,2
9700,E95_I2_P99,,0.0,0.0,0.0,,0
9701,E96_I2_P0,,2.7793143683325983e-06,1.0989905194376503e-06,1.014562008508117e-06,,1
9702,E96_I2_P1,,0.0,0.0,0.0,,0
9703,E96_I2_P2,,2.8402453291422566e-06,1.1093386273360626e-06,1.0332769422442103e-06,,1
9704,E96_I2_P3,,0.0,0.0,0.0,,0
9705,E96_I2_P4,,2.507999720987509e-06,1.0096587643118845e-06,8.620039436680424e-07,,1
9706,E96_I2_P5,,0.0,0.0,0.0,,0
9707,E96_I2_P6,,1.6089781094463148e-05,6.836068163587171e-06,5.6662268595342366e-06,,7
9708,E96_I2_P7,,0.0,0.0,0.0,,0
9709,E96_I2_P8,,0.0,0.0,0.0,,0
9710,E96_I2_P9,,0.0,0.0,0.0,,0
9711,E96_I2_P10,,0.0,0.0,0.0,,0
9712,E96_I2_P11,,0.0,0.0,0.0,,0
9713,E96_I2_P12,,3.256840192776748e-05,1.333288813594837e-05,1.2437246963562754e-05,,12
9714,E96_I2_P13,,2.464635953086791e-06,1.0047937374427892e-06,8.541456600218406e-07,,1
9715,E96_I2_P14,,0.0,0.0,0.0,,0
9716,E96_I2_P15,,0.0,0.0,0.0,,0
9717,E96_I2_P16,,0.0,0.0,0.0,,0
9718,E96_I2_P17,,3.0086686319885005e-06,1.1311035321600462e-06,1.0733702214899453e-06,,1
9719,E96_I2_P18,,0.0,0.0,0.0,,0
9720,E96_I2_P19,,0.0,0.0,0.0,,0
9721,E96_I2_P20,,5.620564937322352e-06,2.1794360112519725e-06,1.9959606745848092e-06,,2
9722,E96_I2_P21,,0.0,0.0,0.0,,0
9723,E96_I2_P22,,2.9573682005411555e-06,1.1384764497068994e-06,1.0871789798292967e-06,,1
9724,E96_I2_P23,,0.0,0.0,0.0,,0
9725,E96_I2_P24,,0.0,0.0,0.0,,0
9726,E96_I2_P25,,0.0,0.0,0.0,,0
9727,E96_I2_P26,,1.3597884408627015e-05,5.446798326347434e-06,4.9867153902005064e-06,,5
9728,E96_I2_P27,,0.0,0.0,0.0,,0
9729,E96_I2_P28,,2.5789478919330413e-06,1.0322742792316716e-06,8.99133010994149e-07,,1
9730,E96_I2_P29,,0.0,0.0,0.0,,0
9731,E96_I2_P30,,0.0,0.0,0.0,,0
9732,E96_I2_P31,,0.0,0.0,0.0,,0
9733,E96_I2_P32,,1.5238565980390356e-05,6.254043764735625e-06,5.495879464371588e-06,,6
9734,E96_I2_P33,,5.129468628461157e-06,2.05578507097794e-06,1.7837235228539578e-06,,2
9735,E96_I2_P34,,5.90809097285877e-06,2.2632356010841846e-06,2.148659290319323e-06,,2
9736,E96_I2_P35,,0.0,0.0,0.0,,0
9737,E96_I2_P36,,0.0,0.0,0.0,,0
9738,E96_I2_P37,,5.2791768070949795e-05,2.1576479103501058e-05,2.0553928369559634e-05,,19
9739,E96_I2_P38,,0.0,0.0,0.0,,0
9740,E96_I2_P39,,0.0,0.0,0.0,,0
9741,E96_I2_P40,,0.0,0.0,0.0,,0
9742,E96_I2_P41,,1.1959884012974615e-05,4.934469313997453e-06,4.128103301657021e-06,,5
9743,E96_I2_P42,,0.0,0.0,0.0,,0
9744,E96_I2_P43,,0.0,0.0,0.0,,0
9745,E96_I2_P44,,0.0,0.0,0.0,,0
9746,E96_I2_P45,,0.0,0.0,0.0,,0
9747,E96_I2_P46,,0.0,0.0,0.0,,0
9748,E96_I2_P47,,5.68710345908769e-06,2.227165307921044e-06,2.0820336888666112e-06,,2
9749,E96_I2_P48,,0.0,0.0,0.0,,0
9750,E96_I2_P49,,2.7836581241395024e-06,1.0985107135179962e-06,1.0136996438366303e-06,,1
9751,E96_I2_P50,,0.0,0.0,0.0,,0
9752,E96_I2_P51,,5.567851803400882e-06,2.171878498027224e-06,1.982547141873304e-06,,2
9753,E96_I2_P52,,0.0,0.0,0.0,,0
9754,E96_I2_P53,,2.374395977540816e-06,9.77413468011657e-07,8.107577828693367e-07,,1
9755,E96_I2_P54,,2.5685129122750438e-06,1.0258362809313122e-06,8.884624269239655e-07,,1
9756,E96_I2_P55,,2.958126550192704e-06,1.1311236091731702e-06,1.0734076668142602e-06,,1
9757,E96_I2_P56,,0.0,0.0,0.0,,0
9758,E96_I2_P57,,0.0,0.0,0.0,,0
9759,E96_I2_P58,,2.735845546828839e-06,1.0725152734555887e-06,9.67683250177086e-07,,1
9760,E96_I2_P59,,0.0,0.0,0.0,,0
9761,E96_I2_P60,,0.0,0.0,0.0,,0
9762,E96_I2_P61,,2.637490065776025e-06,1.0493998651946495e-06,9.279132067102971e-07,,1
9763,E96_I2_P62,,0.0,0.0,0.0,,0
9764,E96_I2_P63,,3.1845857944110633e-06,1.1822291885867553e-06,1.1715363527730267e-06,,1
9765,E96_I2_P64,,0.0,0.0,0.0,,0
9766,E96_I2_P65,,0.0,0.0,0.0,,0
9767,E96_I2_P66,,0.0,0.0,0.0,,0
9768,E96_I2_P67,,0.0,0.0,0.0,,0
9769,E96_I2_P68,,1.2777009304557489e-05,5.148361761167407e-06,4.474053732043106e-06,,5
9770,E96_I2_P69,,0.0,0.0,0.0,,0
9771,E96_I2_P70,,1.2377267492561616e-05,5.099620147944041e-06,4.393671180285071e-06,,5
9772,E96_I2_P71,,0.0,0.0,0.0,,0
9773,E96_I2_P72,,0.0,0.0,0.0,,0
9774,E96_I2_P73,,0.0,0.0,0.0,,0
9775,E96_I2_P74,,6.37279661601948e-06,2.409027526829962e-06,2.4322445086759686e-06,,2
9776,E96_I2_P75,,3.23938061232275e-06,1.2110960782464276e-06,1.2295052993215283e-06,,1
9777,E96_I2_P76,,0.0,0.0,0.0,,0
9778,E96_I2_P77,,0.0,0.0,0.0,,0
9779,E96_I2_P78,,0.0,0.0,0.0,,0
9780,E96_I2_P79,,0.0,0.0,0.0,,0
9781,E96_I2_P80,,0.0,0.0,0.0,,0
9782,E96_I2_P81,,0.0,0.0,0.0,,0
9783,E96_I2_P82,,0.0,0.0,0.0,,0
9784,E96_I2_P83,,1.1188119474491302e-05,4.385633266960985e-06,4.0397062729568935e-06,,4
9785,E96_I2_P84,,6.109498566803813e-06,2.370529143207643e-06,2.355088463010392e-06,,2
9786,E96_I2_P85,,0.0,0.0,0.0,,0
9787,E96_I2_P86,,0.0,0.0,0.0,,0
9788,E96_I2_P87,,0.0,0.0,0.0,,0
9789,E96_I2_P88,,0.0,0.0,0.0,,0
9790,E96_I2_P89,,0.0,0.0,0.0,,0
9791,E96_I2_P90,,0.0,0.0,0.0,,0
9792,E96_I2_P91,,0.0,0.0,0.0,,0
9793,E96_I2_P92,,0.0,0.0,0.0,,0
9794,E96_I2_P93,,0.0,0.0,0.0,,0
9795,E96_I2_P94,,0.0,0.0,0.0,,0
9796,E96_I2_P95,,0.0,0.0,0.0,,0
9797,E96_I2_P96,,0.0,0.0,0.0,,0
9798,E96_I2_P97,,7.981571490093506e-06,3.202418623747579e-06,2.876749273321147e-06,,3
9799,E96_I2_P98,,0.0,0.0,0.0,,0
9800,E96_I2_P99,,0.0,0.0,0.0,,0
9801,E97_I2_P0,,0.0,0.0,0.0,,0
9802,E97_I2_P1,,0.0,0.0,0.0,,0
9803,E97_I2_P2,,0.0,0.0,0.0,,0
9804,E97_I2_P3,,0.0,0.0,0.0,,0
9805,E97_I2_P4,,0.0,0.0,0.0,,0
9806,E97_I2_P5,,5.662149169570115e-06,2.22008600743319e-06,2.0691178471242626e-06,,2
9807,E97_I2_P6,,2.959299546581565e-06,1.1295244194509965e-06,1.0704277215089605e-06,,1
9808,E97_I2_P7,,1.7924278745720346e-05,6.918335152116489e-06,6.688963210702342e-06,,6
9809,E97_I2_P8,,0.0,0.0,0.0,,0
9810,E97_I2_P9,,6.1160825563311505e-06,2.304355910391797e-06,2.2262988227331828e-06,,2
9811,E97_I2_P10,,0.0,0.0,0.0,,0
9812,E97_I2_P11,,0.0,0.0,0.0,,0
9813,E97_I2_P12,,0.0,0.0,0.0,,0
9814,E97_I2_P13,,1.6804196088831418e-05,6.645673610616799e-06,6.1808358035215315e-06,,6
9815,E97_I2_P14,,2.7461114404708604e-06,1.0718369064246812e-06,9.665008392851663e-07,,1
9816,E97_I2_P15,,0.0,0.0,0.0,,0
9817,E97_I2_P16,,5.814171700288283e-06,2.2296774470956593e-06,2.0866295559600142e-06,,2
9818,E97_I2_P17,,0.0,0.0,0.0,,0
9819,E97_I2_P18,,0.0,0.0,0.0,,0
9820,E97_I2_P19,,0.0,0.0,0.0,,0
9821,E97_I2_P20,,2.524368820323339e-06,1.006070741457331e-06,8.562039683341525e-07,,1
9822,E97_I2_P21,,0.0,0.0,0.0,,0
9823,E97_I2_P22,,2.4554382088096186e-06,1.0020213010231687e-06,8.496876972868623e-07,,1
9824,E97_I2_P23,,0.0,0.0,0.0,,0
9825,E97_I2_P24,,0.0,0.0,0.0,,0
9826,E97_I2_P25,,0.0,0.0,0.0,,0
9827,E97_I2_P26,,0.0,0.0,0.0,,0
9828,E97_I2_P27,,2.494963157728237e-06,1.0155014703184737e-06,8.715014663012172e-07,,1
9829,E97_I2_P28,,0.0,0.0,0.0,,0
9830,E97_I2_P29,,0.0,0.0,0.0,,0
9831,E97_I2_P30,,0.0,0.0,0.0,,0
9832,E97_I2_P31,,0.0,0.0,0.0,,0
9833,E97_I2_P32,,0.0,0.0,0.0,,0
9834,E97_I2_P33,,0.0,0.0,0.0,,0
9835,E97_I2_P34,,0.0,0.0,0.0,,0
9836,E97_I2_P35,,0.0,0.0,0.0,,0
9837,E97_I2_P36,,0.0,0.0,0.0,,0
9838,E97_I2_P37,,2.7136238678639592e-06,1.0766251169440214e-06,9.74866717440975e-07,,1
9839,E97_I2_P38,,0.0,0.0,0.0,,0
9840,E97_I2_P39,,0.0,0.0,0.0,,0
9841,E97_I2_P40,,1.840061082582552e-05,7.503846472409287e-06,6.767227669840497e-06,,7
9842,E97_I2_P41,,0.0,0.0,0.0,,0
9843,E97_I2_P42,,0.0,0.0,0.0,,0
9844,E97_I2_P43,,5.282375728233419e-06,2.133722701986156e-06,1.9157133996968385e-06,,2
9845,E97_I2_P44,,0.0,0.0,0.0,,0
9846,E97_I2_P45,,0.0,0.0,0.0,,0
9847,E97_I2_P46,,0.0,0.0,0.0,,0
9848,E97_I2_P47,,0.0,0.0,0.0,,0
9849,E97_I2_P48,,0.0,0.0,0.0,,0
9850,E97_I2_P49,,0.0,0.0,0.0,,0
9851,E97_I2_P50,,0.0,0.0,0.0,,0
9852,E97_I2_P51,,2.6777157802815316e-06,1.0487261698393431e-06,9.267701019331267e-07,,1
9853,E97_I2_P52,,0.0,0.0,0.0,,0
9854,E97_I2_P53,,0.0,0.0,0.0,,0
9855,E97_I2_P54,,2.4036174257908206e-06,9.86323816865143e-07,8.247222026350699e-07,,1
9856,E97_I2_P55,,2.621882681062663e-06,1.0414281337529725e-06,9.144445663703866e-07,,1
9857,E97_I2_P56,,0.0,0.0,0.0,,0
9858,E97_I2_P57,,2.546024426307063e-06,1.0323785235074447e-06,8.993064548620104e-07,,1
9859,E97_I2_P58,,0.0,0.0,0.0,,0
9860,E97_I2_P59,,0.0,0.0,0.0,,0
9861,E97_I2_P60,,0.0,0.0,0.0,,0
9862,E97_I2_P61,,0.0,0.0,0.0,,0
9863,E97_I2_P62,,0.0,0.0,0.0,,0
9864,E97_I2_P63,,0.0,0.0,0.0,,0
9865,E97_I2_P64,,0.0,0.0,0.0,,0
9866,E97_I2_P65,,0.0,0.0,0.0,,0
9867,E97_I2_P66,,1.881684562310845e-05,7.104777243274104e-06,7.051771757654111e-06,,6
9868,E97_I2_P67,,2.9369035781105906e-06,1.1271706180127185e-06,1.066051483890363e-06,,1
9869,E97_I2_P68,,2.909439037362451e-06,1.1324306393292644e-06,1.0758472296933835e-06,,1
9870,E97_I2_P69,,0.0,0.0,0.0,,0
9871,E97_I2_P70,,0.0,0.0,0.0,,0
9872,E97_I2_P71,,0.0,0.0,0.0,,0
9873,E97_I2_P72,,7.47162668863408e-05,3.1021194541363135e-05,3.102302296091487e-05,,26
9874,E97_I2_P73,,0.0,0.0,0.0,,0
9875,E97_I2_P74,,0.0,0.0,0.0,,0
9876,E97_I2_P75,,0.0,0.0,0.0,,0
9877,E97_I2_P76,,0.0,0.0,0.0,,0
9878,E97_I2_P77,,0.0,0.0,0.0,,0
9879,E97_I2_P78,,0.0,0.0,0.0,,0
9880,E97_I2_P79,,2.749074604413129e-06,1.0919861728160334e-06,1.0020200724660918e-06,,1
9881,E97_I2_P80,,0.0,0.0,0.0,,0
9882,E97_I2_P81,,0.0,0.0,0.0,,0
9883,E97_I2_P82,,0.0,0.0,0.0,,0
9884,E97_I2_P83,,0.0,0.0,0.0,,0
9885,E97_I2_P84,,2.96492850557778e-06,1.1442853707058415e-06,1.0981402445887768e-06,,1
9886,E97_I2_P85,,0.0,0.0,0.0,,0
9887,E97_I2_P86,,0.0,0.0,0.0,,0
9888,E97_I2_P87,,0.0,0.0,0.0,,0
9889,E97_I2_P88,,0.0,0.0,0.0,,0
9890,E97_I2_P89,,0.0,0.0,0.0,,0
9891,E97_I2_P90,,0.0,0.0,0.0,,0
9892,E97_I2_P91,,0.0,0.0,0.0,,0
9893,E97_I2_P92,,2.706029319029188e-06,1.0744273695232422e-06,9.710210893642848e-07,,1
9894,E97_I2_P93,,9.99578844804943e-06,4.13285386797382e-06,3.6027856738830467e-06,,4
9895,E97_I2_P94,,5.427413290684933e-06,2.152841338990375e-06,1.9490171228463057e-06,,2
9896,E97_I2_P95,,6.153551363275177e-06,2.3496028392734114e-06,2.3138413410561643e-06,,2
9897,E97_I2_P96,,0.0,0.0,0.0,,0
9898,E97_I2_P97,,2.6550195189978165e-06,1.0368008902222816e-06,9.066840750009068e-07,,1
9899,E97_I2_P98,,2.767802622034139e-06,1.0904884849269917e-06,9.993514209278177e-07,,1
9900,E97_I2_P99,,0.0,0.0,0.0,,0
9901,E98_I2_P0,,5.2413608595402324e-06,2.1053247672749466e-06,1.8669233686298534e-06,,2
9902,E98_I2_P1,,0.0,0.0,0.0,,0
9903,E98_I2_P2,,0.0,0.0,0.0,,0
9904,E98_I2_P3,,0.0,0.0,0.0,,0
9905,E98_I2_P4,,0.0,0.0,0.0,,0
9906,E98_I2_P5,,0.0,0.0,0.0,,0
9907,E98_I2_P6,,2.9265381639640386e-06,1.1317585284574738e-06,1.0745922862541916e-06,,1
9908,E98_I2_P7,,0.0,0.0,0.0,,0
9909,E98_I2_P8,,0.0,0.0,0.0,,0
9910,E98_I2_P9,,0.0,0.0,0.0,,0
9911,E98_I2_P10,,5.6078109451263995e-06,2.2011055442862694e-06,2.0347463459770776e-06,,2
9912,E98_I2_P11,,0.0,0.0,0.0,,0
9913,E98_I2_P12,,0.0,0.0,0.0,,0
9914,E98_I2_P13,,2.5047943317838185e-06,1.0168506304392006e-06,8.737039148488166e-07,,1
9915,E98_I2_P14,,2.772641098655703e-06,1.0847885832631477e-06,9.892371003482115e-07,,1
9916,E98_I2_P15,,0.0,0.0,0.0,,0
9917,E98_I2_P16,,0.0,0.0,0.0,,0
9918,E98_I2_P17,,0.0,0.0,0.0,,0
9919,E98_I2_P18,,0.0,0.0,0.0,,0
9920,E98_I2_P19,,3.13816369377943e-06,1.1800650248415591e-06,1.167265327871699e-06,,1
9921,E98_I2_P20,,7.939273749188441e-06,3.2190809173915977e-06,2.9057273095991918e-06,,3
9922,E98_I2_P21,,0.0,0.0,0.0,,0
9923,E98_I2_P22,,0.0,0.0,0.0,,0
9924,E98_I2_P23,,0.0,0.0,0.0,,0
9925,E98_I2_P24,,2.8455089043880044e-06,1.103563186186132e-06,1.0228044479719833e-06,,1
9926,E98_I2_P25,,0.0,0.0,0.0,,0
9927,E98_I2_P26,,2.875337085070402e-06,1.104414367593234e-06,1.0243435238441563e-06,,1
9928,E98_I2_P27,,0.0,0.0,0.0,,0
9929,E98_I2_P28,,3.100307677970073e-06,1.1618516703156183e-06,1.1317293333491776e-06,,1
9930,E98_I2_P29,,0.0,0.0,0.0,,0
9931,E98_I2_P30,,0.0,0.0,0.0,,0
9932,E98_I2_P31,,0.0,0.0,0.0,,0
9933,E98_I2_P32,,0.0,0.0,0.0,,0
9934,E98_I2_P33,,0.0,0.0,0.0,,0
9935,E98_I2_P34,,0.0,0.0,0.0,,0
9936,E98_I2_P35,,2.397240413114709e-06,9.905221894714202e-07,8.313536724009287e-07,,1
9937,E98_I2_P36,,0.0,0.0,0.0,,0
9938,E98_I2_P37,,0.0,0.0,0.0,,0
9939,E98_I2_P38,,0.0,0.0,0.0,,0
9940,E98_I2_P39,,0.0,0.0,0.0,,0
9941,E98_I2_P40,,2.6790149773669606e-06,1.047288677604436e-06,9.243340173405062e-07,,1
9942,E98_I2_P41,,0.0,0.0,0.0,,0
9943,E98_I2_P42,,1.0386455680491333e-05,4.127247315839248e-06,3.593455329644502e-06,,4
9944,E98_I2_P43,,0.0,0.0,0.0,,0
9945,E98_I2_P44,,8.58418287184753e-06,3.3763185130491325e-06,3.1885213232363493e-06,,3
9946,E98_I2_P45,,1.3782614954180925e-05,5.500467787088227e-06,5.082731622621408e-06,,5
9947,E98_I2_P46,,1.3636856279109277e-05,5.416233959333748e-06,4.9325632286783176e-06,,5
9948,E98_I2_P47,,0.0,0.0,0.0,,0
9949,E98_I2_P48,,0.0,0.0,0.0,,0
9950,E98_I2_P49,,0.0,0.0,0.0,,0
9951,E98_I2_P50,,0.0,0.0,0.0,,0
9952,E98_I2_P51,,0.0,0.0,0.0,,0
9953,E98_I2_P52,,0.0,0.0,0.0,,0
9954,E98_I2_P53,,0.0,0.0,0.0,,0
9955,E98_I2_P54,,0.0,0.0,0.0,,0
9956,E98_I2_P55,,0.0,0.0,0.0,,0
9957,E98_I2_P56,,0.0,0.0,0.0,,0
9958,E98_I2_P57,,2.6898158023200285e-06,1.0747834832959315e-06,9.716435545053167e-07,,1
9959,E98_I2_P58,,0.0,0.0,0.0,,0
9960,E98_I2_P59,,1.125799470313677e-05,4.4196341750273685e-06,4.100951061813123e-06,,4
9961,E98_I2_P60,,0.0,0.0,0.0,,0
9962,E98_I2_P61,,0.0,0.0,0.0,,0
9963,E98_I2_P62,,0.0,0.0,0.0,,0
9964,E98_I2_P63,,0.0,0.0,0.0,,0
9965,E98_I2_P64,,0.0,0.0,0.0,,0
9966,E98_I2_P65,,0.0,0.0,0.0,,0
9967,E98_I2_P66,,0.0,0.0,0.0,,0
9968,E98_I2_P67,,2.4078379661946803e-06,9.982946333699556e-07,8.437184528397244e-07,,1
9969,E98_I2_P68,,0.0,0.0,0.0,,0
9970,E98_I2_P69,,5.78533565589917e-06,2.2366859239047476e-06,2.099486255713227e-06,,2
9971,E98_I2_P70,,2.4721611587773456e-06,1.008643393696196e-06,8.603601123286163e-07,,1
9972,E98_I2_P71,,0.0,0.0,0.0,,0
9973,E98_I2_P72,,0.0,0.0,0.0,,0
9974,E98_I2_P73,,0.0,0.0,0.0,,0
9975,E98_I2_P74,,2.9022208226029603e-06,1.1156685013891409e-06,1.0448346379399833e-06,,1
9976,E98_I2_P75,,0.0,0.0,0.0,,0
9977,E98_I2_P76,,0.0,0.0,0.0,,0
9978,E98_I2_P77,,2.866554268927084e-06,1.1038642917510574e-06,1.0233487244981498e-06,,1
9979,E98_I2_P78,,0.0,0.0,0.0,,0
9980,E98_I2_P79,,0.0,0.0,0.0,,0
9981,E98_I2_P80,,1.4821080919836694e-05,5.796684859639421e-06,5.634399587111199e-06,,5
9982,E98_I2_P81,,0.0,0.0,0.0,,0
9983,E98_I2_P82,,0.0,0.0,0.0,,0
9984,E98_I2_P83,,0.0,0.0,0.0,,0
9985,E98_I2_P84,,3.091848057083441e-06,1.1695625093834294e-06,1.146685105363161e-06,,1
9986,E98_I2_P85,,0.0,0.0,0.0,,0
9987,E98_I2_P86,,0.0,0.0,0.0,,0
9988,E98_I2_P87,,0.0,0.0,0.0,,0
9989,E98_I2_P88,,0.0,0.0,0.0,,0
9990,E98_I2_P89,,7.647289942673394e-06,3.07432492302299e-06,2.6601333790876275e-06,,3
9991,E98_I2_P90,,0.0,0.0,0.0,,0
9992,E98_I2_P91,,0.0,0.0,0.0,,0
9993,E98_I2_P92,,0.0,0.0,0.0,,0
9994,E98_I2_P93,,0.0,0.0,0.0,,0
9995,E98_I2_P94,,0.0,0.0,0.0,,0
9996,E98_I2_P95,,0.0,0.0,0.0,,0
9997,E98_I2_P96,,2.28981309787313e-06,9.528730489382419e-07,7.730612879123751e-07,,1
9998,E98_I2_P97,,0.0,0.0,0.0,,0
9999,E98_I2_P98,,0.0,0.0,0.0,,0
10000,E98_I2_P99,,0.0,0.0,0.0,,0
10001,E99_I2_P0,,0.0,0.0,0.0,,0
10002,E99_I2_P1,,5.460296506475017e-06,2.1859214809146517e-06,2.0075181554923186e-06,,2
10003,E99_I2_P2,,0.0,0.0,0.0,,0
10004,E99_I2_P3,,2.8261970263009294e-06,1.0869412593203525e-06,9.930491524573746e-07,,1
10005,E99_I2_P4,,2.5292056579185225e-06,1.0273556288366971e-06,8.909733705878999e-07,,1
10006,E99_I2_P5,,0.0,0.0,0.0,,0
10007,E99_I2_P6,,0.0,0.0,0.0,,0
10008,E99_I2_P7,,1.1756109491304543e-05,4.8943721104544805e-06,4.065186071696874e-06,,5
10009,E99_I2_P8,,0.0,0.0,0.0,,0
10010,E99_I2_P9,,1.0941720930621432e-05,4.3153104329591205e-06,3.91492189608476e-06,,4
10011,E99_I2_P10,,0.0,0.0,0.0,,0
10012,E99_I2_P11,,0.0,0.0,0.0,,0
10013,E99_I2_P12,,2.878636356575036e-06,1.1128434945143465e-06,1.0396661216217025e-06,,1
10014,E99_I2_P13,,0.0,0.0,0.0,,0
10015,E99_I2_P14,,9.798279286233227e-06,3.992894834276492e-06,3.374420416930733e-06,,4
10016,E99_I2_P15,,0.0,0.0,0.0,,0
10017,E99_I2_P16,,0.0,0.0,0.0,,0
10018,E99_I2_P17,,0.0,0.0,0.0,,0
10019,E99_I2_P18,,0.0,0.0,0.0,,0
10020,E99_I2_P19,,0.0,0.0,0.0,,0
10021,E99_I2_P20,,0.0,0.0,0.0,,0
10022,E99_I2_P21,,0.0,0.0,0.0,,0
10023,E99_I2_P22,,5.205912956511152e-06,2.0782155801695917e-06,1.821095571095571e-06,,2
10024,E99_I2_P23,,0.0,0.0,0.0,,0
10025,E99_I2_P24,,0.0,0.0,0.0,,0
10026,E99_I2_P25,,0.0,0.0,0.0,,0
10027,E99_I2_P26,,3.999122907209882e-05,1.652197844963215e-05,1.528526118690053e-05,,15
10028,E99_I2_P27,,0.0,0.0,0.0,,0
10029,E99_I2_P28,,0.0,0.0,0.0,,0
10030,E99_I2_P29,,1.57539443540933e-05,6.34097311449617e-06,5.643469576878518e-06,,6
10031,E99_I2_P30,,0.0,0.0,0.0,,0
10032,E99_I2_P31,,0.0,0.0,0.0,,0
10033,E99_I2_P32,,0.0,0.0,0.0,,0
10034,E99_I2_P33,,0.0,0.0,0.0,,0
10035,E99_I2_P34,,0.0,0.0,0.0,,0
10036,E99_I2_P35,,0.0,0.0,0.0,,0
10037,E99_I2_P36,,0.0,0.0,0.0,,0
10038,E99_I2_P37,,0.0,0.0,0.0,,0
10039,E99_I2_P38,,0.0,0.0,0.0,,0
10040,E99_I2_P39,,1.1044073764894117e-05,4.344601126941021e-06,3.966589417337764e-06,,4
10041,E99_I2_P40,,5.797140153819763e-06,2.2653648986960433e-06,2.152635296491877e-06,,2
10042,E99_I2_P41,,0.0,0.0,0.0,,0
10043,E99_I2_P42,,0.0,0.0,0.0,,0
10044,E99_I2_P43,,0.0,0.0,0.0,,0
10045,E99_I2_P44,,0.0,0.0,0.0,,0
10046,E99_I2_P45,,0.0,0.0,0.0,,0
10047,E99_I2_P46,,0.0,0.0,0.0,,0
10048,E99_I2_P47,,3.0159037248243915e-06,1.1370959262663213e-06,1.0845845824132442e-06,,1
10049,E99_I2_P48,,0.0,0.0,0.0,,0
10050,E99_I2_P49,,0.0,0.0,0.0,,0
10051,E99_I2_P50,,0.0,0.0,0.0,,0
10052,E99_I2_P51,,5.78724722211177e-06,2.222220801795363e-06,2.0730071663857742e-06,,2
10053,E99_I2_P52,,0.0,0.0,0.0,,0
10054,E99_I2_P53,,0.0,0.0,0.0,,0
10055,E99_I2_P54,,0.0,0.0,0.0,,0
10056,E99_I2_P55,,0.0,0.0,0.0,,0
10057,E99_I2_P56,,0.0,0.0,0.0,,0
10058,E99_I2_P57,,0.0,0.0,0.0,,0
10059,E99_I2_P58,,0.0,0.0,0.0,,0
10060,E99_I2_P59,,0.0,0.0,0.0,,0
10061,E99_I2_P60,,0.0,0.0,0.0,,0
10062,E99_I2_P61,,2.8499841840292494e-06,1.0954662398999596e-06,1.0082388235466112e-06,,1
10063,E99_I2_P62,,0.0,0.0,0.0,,0
10064,E99_I2_P63,,0.0,0.0,0.0,,0
10065,E99_I2_P64,,0.0,0.0,0.0,,0
10066,E99_I2_P65,,0.0,0.0,0.0,,0
10067,E99_I2_P66,,0.0,0.0,0.0,,0
10068,E99_I2_P67,,0.0,0.0,0.0,,0
10069,E99_I2_P68,,0.0,0.0,0.0,,0
10070,E99_I2_P69,,0.0,0.0,0.0,,0
10071,E99_I2_P70,,0.0,0.0,0.0,,0
10072,E99_I2_P71,,0.0,0.0,0.0,,0
10073,E99_I2_P72,,5.245999941084207e-06,2.103375950067485e-06,1.8636046400028326e-06,,2
10074,E99_I2_P73,,0.0,0.0,0.0,,0
10075,E99_I2_P74,,0.0,0.0,0.0,,0
10076,E99_I2_P75,,3.0544458073509225e-06,1.1434250411886988e-06,1.0965122686016454e-06,,1
10077,E99_I2_P76,,0.0,0.0,0.0,,0
10078,E99_I2_P77,,0.0,0.0,0.0,,0
10079,E99_I2_P78,,5.1180351331448395e-06,2.0524186964582195e-06,1.7781571179629434e-06,,2
10080,E99_I2_P79,,0.0,0.0,0.0,,0
10081,E99_I2_P80,,0.0,0.0,0.0,,0
10082,E99_I2_P81,,0.0,0.0,0.0,,0
10083,E99_I2_P82,,0.0,0.0,0.0,,0
10084,E99_I2_P83,,0.0,0.0,0.0,,0
10085,E99_I2_P84,,0.0,0.0,0.0,,0
10086,E99_I2_P85,,0.0,0.0,0.0,,0
10087,E99_I2_P86,,1.2352158433476707e-05,4.716983230042557e-06,4.662605149031432e-06,,4
10088,E99_I2_P87,,0.0,0.0,0.0,,0
10089,E99_I2_P88,,0.0,0.0,0.0,,0
10090,E99_I2_P89,,0.0,0.0,0.0,,0
10091,E99_I2_P90,,0.0,0.0,0.0,,0
10092,E99_I2_P91,,0.0,0.0,0.0,,0
10093,E99_I2_P92,,2.8347256034072894e-06,1.0968412775987995e-06,1.0107028376998224e-06,,1
10094,E99_I2_P93,,2.539663739299203e-06,1.0399248142497928e-06,9.119186860346038e-07,,1
10095,E99_I2_P94,,2.6347342259125362e-05,1.0752347712031935e-05,9.724327471589771e-06,,10
10096,E99_I2_P95,,0.0,0.0,0.0,,0
10097,E99_I2_P96,,1.2825227095859506e-05,5.170790298722282e-06,4.511352819369945e-06,,5
10098,E99_I2_P97,,0.0,0.0,0.0,,0
10099,E99_I2_P98,,2.2933824801331984e-06,9.59883011426273e-07,7.837157964384428e-07,,1
10100,E99_I2_P99,,0.0,0.0,0.0,,0
